Load		PV			Demand		Excess		SOC1		SOC2		SOC3		SOC4		
11.702610	7.262194	0.000000	0.000000	50.000000	20.000000	25.000000	33.333333	
9.755531	1.063048	0.292483	0.000000	48.125000	20.000000	25.000000	30.582900	
10.250740	1.063048	2.587692	0.000000	46.250000	20.000000	21.562500	27.145400	
9.805850	1.063048	3.642802	0.000000	44.375000	20.000000	20.000000	23.707900	
8.377254	1.063048	5.254622	0.000000	42.500000	20.000000	20.000000	20.270400	
7.511384	0.000000	5.711384	0.000000	40.625000	20.000000	20.000000	20.000000	
7.512141	0.000000	5.712141	0.000000	38.750000	20.000000	20.000000	20.000000	
7.001356	0.000000	5.201356	0.000000	36.875000	20.000000	20.000000	20.000000	
6.143542	0.000000	4.343542	0.000000	35.000000	20.000000	20.000000	20.000000	
5.754157	0.000000	3.954157	0.000000	33.125000	20.000000	20.000000	20.000000	
5.732976	0.000000	3.932976	0.000000	31.250000	20.000000	20.000000	20.000000	
5.960743	0.000000	4.160743	0.000000	29.375000	20.000000	20.000000	20.000000	
5.695377	0.000000	3.895377	0.000000	27.500000	20.000000	20.000000	20.000000	
6.031816	0.000000	4.231816	0.000000	25.625000	20.000000	20.000000	20.000000	
5.599806	0.000000	3.799806	0.000000	23.750000	20.000000	20.000000	20.000000	
6.153047	0.000000	4.353047	0.000000	21.875000	20.000000	20.000000	20.000000	
6.026005	0.000000	6.026005	0.000000	20.000000	20.000000	20.000000	20.000000	
5.804787	0.000000	5.804787	0.000000	20.000000	20.000000	20.000000	20.000000	
5.767361	0.000000	5.767361	0.000000	20.000000	20.000000	20.000000	20.000000	
5.748207	0.000000	5.748207	0.000000	20.000000	20.000000	20.000000	20.000000	
5.978643	0.000000	5.978643	0.000000	20.000000	20.000000	20.000000	20.000000	
5.708926	0.000000	5.708926	0.000000	20.000000	20.000000	20.000000	20.000000	
5.764429	0.000000	5.764429	0.000000	20.000000	20.000000	20.000000	20.000000	
6.076860	0.000000	6.076860	0.000000	20.000000	20.000000	20.000000	20.000000	
5.757000	0.000000	5.757000	0.000000	20.000000	20.000000	20.000000	20.000000	
5.901941	0.000000	5.901941	0.000000	20.000000	20.000000	20.000000	20.000000	
6.072379	0.000000	6.072379	0.000000	20.000000	20.000000	20.000000	20.000000	
5.931763	0.000000	5.931763	0.000000	20.000000	20.000000	20.000000	20.000000	
6.002185	0.000000	6.002185	0.000000	20.000000	20.000000	20.000000	20.000000	
6.045055	0.000000	6.045055	0.000000	20.000000	20.000000	20.000000	20.000000	
6.322240	0.000000	6.322240	0.000000	20.000000	20.000000	20.000000	20.000000	
6.116995	0.000000	6.116995	0.000000	20.000000	20.000000	20.000000	20.000000	
6.184538	0.000000	6.184538	0.000000	20.000000	20.000000	20.000000	20.000000	
6.219541	0.000000	6.219541	0.000000	20.000000	20.000000	20.000000	20.000000	
6.358162	0.000000	6.358162	0.000000	20.000000	20.000000	20.000000	20.000000	
6.238132	0.000000	6.238132	0.000000	20.000000	20.000000	20.000000	20.000000	
6.103252	0.000000	6.103252	0.000000	20.000000	20.000000	20.000000	20.000000	
6.154083	0.000000	6.154083	0.000000	20.000000	20.000000	20.000000	20.000000	
6.141444	0.000000	6.141444	0.000000	20.000000	20.000000	20.000000	20.000000	
6.168221	0.000000	6.168221	0.000000	20.000000	20.000000	20.000000	20.000000	
6.165244	0.000000	6.165244	0.000000	20.000000	20.000000	20.000000	20.000000	
6.470529	0.000000	6.470529	0.000000	20.000000	20.000000	20.000000	20.000000	
6.427177	0.000000	6.427177	0.000000	20.000000	20.000000	20.000000	20.000000	
6.492422	0.000000	6.492422	0.000000	20.000000	20.000000	20.000000	20.000000	
6.890761	0.000000	6.890761	0.000000	20.000000	20.000000	20.000000	20.000000	
6.587917	0.000000	6.587917	0.000000	20.000000	20.000000	20.000000	20.000000	
6.480547	0.000000	6.480547	0.000000	20.000000	20.000000	20.000000	20.000000	
6.678265	0.000000	6.678265	0.000000	20.000000	20.000000	20.000000	20.000000	
6.437542	0.000000	6.437542	0.000000	20.000000	20.000000	20.000000	20.000000	
7.204471	1.375392	5.829079	0.000000	20.000000	20.000000	20.000000	20.000000	
7.541001	1.375392	6.165609	0.000000	20.000000	20.000000	20.000000	20.000000	
7.748874	1.375392	6.373482	0.000000	20.000000	20.000000	20.000000	20.000000	
8.722802	1.375392	7.347410	0.000000	20.000000	20.000000	20.000000	20.000000	
9.571637	8.530892	1.040745	0.000000	20.000000	20.000000	20.000000	20.000000	
9.643604	8.530892	1.112712	0.000000	20.000000	20.000000	20.000000	20.000000	
9.664280	8.530892	1.133388	0.000000	20.000000	20.000000	20.000000	20.000000	
9.970140	8.530892	1.439248	0.000000	20.000000	20.000000	20.000000	20.000000	
9.698060	19.435840	0.000000	0.000000	20.000000	20.000000	20.000000	20.000000	
10.009430	19.435840	0.000000	0.443919	21.875000	21.875000	23.437500	22.956021	
10.538940	19.435840	0.000000	0.798635	23.589286	23.589286	26.370833	25.950878	
10.315500	19.435840	0.000000	1.675531	25.178990	25.178990	28.977880	28.600114	
10.997220	26.203140	0.000000	8.272089	26.668327	26.668327	31.350380	31.003950	
11.459900	26.203140	0.000000	8.224360	28.074490	28.074490	33.543335	33.221410	
10.562080	26.203140	0.000000	9.468458	29.410222	29.410222	35.592923	35.290858	
11.769590	26.203140	0.000000	8.555960	30.685289	30.685289	37.524487	37.238955	
12.243610	31.819940	0.000000	13.954204	31.907373	31.907373	39.356624	39.085140	
12.126960	31.819940	0.000000	14.295009	33.082650	33.082650	41.103471	40.844120	
12.560990	31.819940	0.000000	14.059821	34.216175	34.216175	42.776079	42.527349	
12.394680	31.819940	0.000000	14.404147	35.312147	35.312147	44.383286	44.143956	
12.753380	25.612530	0.000000	7.998664	36.374105	36.374105	45.932292	45.701361	
12.395270	25.612530	0.000000	8.502698	37.405058	37.405058	47.429060	47.205692	
12.696790	25.612530	0.000000	8.334534	38.407596	38.407596	48.878594	48.662084	
13.159140	25.612530	0.000000	7.994694	39.383966	39.383966	50.285140	50.074889	
13.638690	24.411460	0.000000	6.427143	40.336130	40.336130	51.652343	51.447832	
12.993680	24.411460	0.000000	7.176945	41.265817	41.265817	52.983357	52.784137	
13.438650	24.411460	0.000000	6.829458	42.174560	42.174560	54.280934	54.086612	
13.410880	24.411460	0.000000	6.948221	43.063722	43.063722	55.547493	55.357721	
13.455360	31.718310	0.000000	14.295787	43.934524	43.934524	56.785173	56.599644	
13.633700	31.718310	0.000000	14.197441	44.788067	44.788067	57.995876	57.814316	
14.013890	31.718310	0.000000	13.892554	45.625344	45.625344	59.181305	59.003468	
13.486040	31.718310	0.000000	14.491460	46.447255	46.447255	60.342990	60.168653	
13.579630	24.412270	0.000000	7.159026	47.254623	47.254623	61.482310	61.311275	
13.261530	24.412270	0.000000	7.540800	48.048196	48.048196	62.600518	62.432602	
12.876650	24.412270	0.000000	7.986132	48.828662	48.828662	63.698752	63.533790	
13.469330	24.412270	0.000000	7.450945	49.596654	49.596654	64.778051	64.615891	
12.815600	22.857660	0.000000	6.604834	50.352753	50.352753	65.839367	65.679871	
13.697270	22.857660	0.000000	5.775419	51.097499	51.097499	66.883575	66.726615	
12.963890	22.857660	0.000000	6.558727	51.831390	51.831390	67.911481	67.756938	
13.044570	22.857660	0.000000	6.525816	52.554890	52.554890	68.923828	68.771594	
13.033210	17.093460	0.000000	0.818739	53.268429	53.268429	69.921306	69.771280	
13.383640	17.093460	0.000000	0.512202	53.972411	53.972411	70.904554	70.756643	
12.276670	17.093460	0.000000	1.661319	54.667211	54.667211	71.874167	71.728283	
12.648140	17.093460	0.000000	1.330365	55.353179	55.353179	72.830700	72.686761	
11.513110	7.806283	0.000000	0.000000	56.030647	56.030647	73.774670	73.632601	
11.970550	7.806283	0.000000	0.000000	56.030647	56.030647	73.350892	70.195101	
12.094450	7.806283	0.000000	0.000000	56.030647	56.030647	72.450614	66.757601	
10.945380	7.806283	0.000000	0.000000	56.030647	56.030647	71.421273	63.320101	
9.427605	1.088074	0.000000	0.000000	56.030647	56.030647	71.421273	60.050208	
8.797370	1.088074	0.000000	0.000000	56.030647	54.218636	67.983773	56.612708	
9.467224	1.088074	0.000000	0.000000	56.030647	53.063119	64.546273	53.175208	
7.366206	1.088074	0.000000	0.000000	56.030647	51.209838	61.108773	49.737708	
6.401587	0.000000	0.000000	0.000000	56.030647	51.209838	58.006553	46.300208	
6.543843	0.000000	0.000000	0.000000	56.030647	51.209838	54.775733	42.862708	
6.677409	0.000000	0.000000	0.000000	56.030647	51.209838	51.396730	39.425208	
5.521874	0.000000	0.000000	0.000000	56.030647	51.129203	47.959230	35.987708	
5.399000	0.000000	0.000000	0.000000	56.030647	51.129203	45.644778	32.550208	
5.442232	0.000000	0.000000	0.000000	56.030647	51.129203	43.458319	29.112708	
5.188621	0.000000	0.000000	0.000000	56.030647	51.129203	41.226828	25.675208	
5.388440	0.000000	0.000000	0.000000	56.030647	51.129203	39.259514	22.237708	
5.467108	0.000000	0.000000	0.000000	56.030647	51.129203	35.884264	20.000000	
5.252408	0.000000	0.000000	0.000000	54.155647	49.254203	33.939360	20.000000	
5.507153	0.000000	0.000000	0.000000	52.280647	47.379203	32.218101	20.000000	
5.567888	0.000000	0.000000	0.000000	50.405647	45.504203	30.231483	20.000000	
5.681977	0.000000	0.000000	0.000000	48.530647	43.629203	28.181600	20.000000	
5.691692	0.000000	0.000000	0.000000	46.655647	41.754203	26.012874	20.000000	
5.405671	0.000000	0.000000	0.000000	44.780647	39.879203	23.834028	20.000000	
5.725003	0.000000	0.250007	0.000000	42.905647	38.004203	21.953121	20.000000	
5.727170	0.000000	2.127170	0.000000	41.030647	36.129203	20.000000	20.000000	
5.709638	0.000000	2.109638	0.000000	39.155647	34.254203	20.000000	20.000000	
5.579229	0.000000	1.979229	0.000000	37.280647	32.379203	20.000000	20.000000	
5.208714	0.000000	1.608714	0.000000	35.405647	30.504203	20.000000	20.000000	
5.794597	0.000000	2.194597	0.000000	33.530647	28.629203	20.000000	20.000000	
5.560660	0.000000	1.960660	0.000000	31.655647	26.754203	20.000000	20.000000	
5.964126	0.000000	2.364126	0.000000	29.780647	24.879203	20.000000	20.000000	
6.162472	0.000000	2.562472	0.000000	27.905647	23.004203	20.000000	20.000000	
6.396334	0.000000	3.512299	0.000000	26.030647	21.129203	20.000000	20.000000	
6.274842	0.000000	4.474842	0.000000	24.155647	20.000000	20.000000	20.000000	
6.001453	0.000000	4.201453	0.000000	22.280647	20.000000	20.000000	20.000000	
6.292599	0.000000	5.903178	0.000000	20.405647	20.000000	20.000000	20.000000	
6.733078	0.000000	6.733078	0.000000	20.000000	20.000000	20.000000	20.000000	
6.760300	0.000000	6.760300	0.000000	20.000000	20.000000	20.000000	20.000000	
6.632806	0.000000	6.632806	0.000000	20.000000	20.000000	20.000000	20.000000	
6.605335	0.000000	6.605335	0.000000	20.000000	20.000000	20.000000	20.000000	
6.525125	0.000000	6.525125	0.000000	20.000000	20.000000	20.000000	20.000000	
6.203275	0.000000	6.203275	0.000000	20.000000	20.000000	20.000000	20.000000	
6.071610	0.000000	6.071610	0.000000	20.000000	20.000000	20.000000	20.000000	
5.868838	0.000000	5.868838	0.000000	20.000000	20.000000	20.000000	20.000000	
5.847696	0.000000	5.847696	0.000000	20.000000	20.000000	20.000000	20.000000	
5.597611	0.000000	5.597611	0.000000	20.000000	20.000000	20.000000	20.000000	
5.815151	0.000000	5.815151	0.000000	20.000000	20.000000	20.000000	20.000000	
5.513500	0.000000	5.513500	0.000000	20.000000	20.000000	20.000000	20.000000	
5.643511	0.000000	5.643511	0.000000	20.000000	20.000000	20.000000	20.000000	
5.193786	0.000000	5.193786	0.000000	20.000000	20.000000	20.000000	20.000000	
5.223486	0.000000	5.223486	0.000000	20.000000	20.000000	20.000000	20.000000	
5.419671	0.000000	5.419671	0.000000	20.000000	20.000000	20.000000	20.000000	
5.109897	1.639255	3.470642	0.000000	20.000000	20.000000	20.000000	20.000000	
5.116564	1.639255	3.477309	0.000000	20.000000	20.000000	20.000000	20.000000	
5.409590	1.639255	3.770335	0.000000	20.000000	20.000000	20.000000	20.000000	
4.910930	1.639255	3.271675	0.000000	20.000000	20.000000	20.000000	20.000000	
4.566231	9.201277	0.000000	0.000000	20.000000	20.000000	20.000000	20.000000	
4.483186	9.201277	0.000000	0.000000	21.875000	21.875000	21.078173	20.000000	
4.695555	9.201277	0.000000	0.000000	23.589286	23.589286	22.564280	20.000000	
4.265205	9.201277	0.000000	0.000000	25.178990	25.178990	24.078330	20.000000	
4.276009	12.473800	0.000000	0.000000	26.668327	26.668327	26.241398	20.000000	
4.111670	12.473800	0.000000	0.654465	28.074490	28.074490	28.861304	23.107135	
4.515171	12.473800	0.000000	0.867612	29.410222	29.410222	31.243387	26.082406	
4.380383	12.473800	0.000000	1.475371	30.685289	30.685289	33.443852	28.718283	
4.440420	15.298060	0.000000	4.620577	31.907373	31.907373	35.499537	31.112228	
4.494917	15.298060	0.000000	4.883100	33.082650	33.082650	37.436182	33.321970	
4.519659	15.298060	0.000000	5.128386	34.216175	34.216175	39.272640	35.385173	
4.714041	15.298060	0.000000	5.168110	35.312147	35.312147	41.023223	37.328078	
4.420568	9.761609	0.000000	0.130942	36.374105	36.374105	42.699103	39.169855	
4.516248	9.761609	0.000000	0.218250	37.405058	37.405058	44.309207	40.925031	
4.455019	9.761609	0.000000	0.443707	38.407596	38.407596	45.860803	42.604932	
4.351089	9.761609	0.000000	0.696196	39.383966	39.383966	47.359905	44.218595	
4.524861	7.360455	0.000000	0.000000	40.336130	40.336130	48.811555	45.773371	
4.516691	7.360455	0.000000	0.000000	41.265817	41.265817	49.905923	45.773371	
4.681821	7.360455	0.000000	0.000000	42.174560	42.174560	51.050692	45.773371	
4.628471	7.360455	0.000000	0.000000	43.063722	43.063722	52.062613	45.773371	
4.428843	5.593632	0.000000	0.000000	43.934524	43.934524	53.166824	45.773371	
4.343973	5.593632	0.000000	0.000000	44.788067	44.294303	53.166824	45.773371	
4.492331	5.593632	0.000000	0.000000	45.625344	44.758755	53.166824	45.773371	
4.402018	5.593632	0.000000	0.000000	46.447255	45.084032	53.166824	45.773371	
4.427870	7.416984	0.000000	0.000000	47.254623	45.517929	53.166824	45.773371	
4.549900	7.416984	0.000000	0.000000	48.048196	46.341780	54.459924	45.976507	
4.379647	7.416984	0.000000	0.000000	48.828662	47.150985	55.722320	46.110985	
4.575517	7.416984	0.000000	0.000000	49.596654	47.946302	56.956117	46.477773	
4.565095	5.154732	0.000000	0.000000	50.352753	48.728427	58.163186	46.692340	
4.791398	5.154732	0.000000	0.000000	50.966958	48.728427	58.163186	46.692340	
4.762341	5.154732	0.000000	0.000000	51.345431	48.728427	58.163186	46.692340	
4.636120	5.154732	0.000000	0.000000	51.754172	48.728427	58.163186	46.692340	
4.561324	15.551820	0.000000	7.015051	52.294393	48.728427	58.163186	46.692340	
4.561487	15.551820	0.000000	7.101499	53.011487	49.497999	59.345205	48.164744	
4.527498	15.551820	0.000000	7.216130	53.718881	50.255605	60.503682	49.592137	
4.731375	15.551820	0.000000	7.087630	54.416959	51.001790	61.639976	50.978446	
4.847873	11.145650	0.000000	2.635664	55.106083	51.737059	62.755324	52.327055	
4.728225	11.145650	0.000000	2.821833	55.786588	52.461878	63.850848	53.640907	
4.809856	11.145650	0.000000	2.802964	56.458793	53.176682	64.927576	54.922578	
4.815081	11.145650	0.000000	2.857103	57.122994	53.881879	65.986448	56.174340	
4.919369	4.183753	0.000000	0.000000	57.779472	54.577846	67.028329	57.398208	
4.706879	4.183753	0.000000	0.000000	57.779472	54.577846	67.028329	56.631942	
4.949981	4.183753	0.000000	0.000000	57.779472	54.577846	67.028329	56.087019	
4.867448	4.183753	0.000000	0.000000	57.779472	54.577846	67.028329	55.288864	
5.302747	0.985903	0.000000	0.000000	57.779472	54.577846	67.028329	54.576682	
5.116864	0.985903	0.000000	0.000000	57.779472	54.577846	65.969117	51.139182	
5.105724	0.985903	0.000000	0.000000	57.779472	54.577846	65.103532	47.701682	
5.341743	0.985903	0.000000	0.000000	57.779472	54.577846	64.249552	44.264182	
5.218825	0.000000	0.000000	0.000000	57.779472	54.577846	63.149719	40.826682	
4.730907	0.000000	0.000000	0.000000	57.779472	54.577846	61.150943	37.389182	
4.853272	0.000000	0.000000	0.000000	57.779472	54.577846	59.660415	33.951682	
4.603747	0.000000	0.000000	0.000000	57.779472	54.577846	58.042423	30.514182	
4.688037	0.000000	0.000000	0.000000	57.779472	54.577846	56.684353	27.076682	
4.457612	0.000000	0.000000	0.000000	57.779472	54.577846	55.238481	23.639182	
4.606382	0.000000	0.000000	0.000000	57.779472	54.577846	54.032636	20.201682	
4.507741	0.000000	0.000000	0.000000	57.779472	53.418713	50.595136	20.000000	
4.771519	0.000000	0.000000	0.000000	55.904472	51.543713	49.649572	20.000000	
4.651992	0.000000	0.000000	0.000000	54.029472	49.668713	48.429240	20.000000	
4.476230	0.000000	0.000000	0.000000	52.154472	47.793713	47.333415	20.000000	
4.610159	0.000000	0.000000	0.000000	50.279472	45.918713	46.420675	20.000000	
4.830325	0.000000	0.000000	0.000000	48.404472	44.043713	45.368426	20.000000	
4.466104	0.000000	0.000000	0.000000	46.529472	42.168713	44.086838	20.000000	
4.501518	0.000000	0.000000	0.000000	44.654472	40.293713	43.184646	20.000000	
4.645611	0.000000	0.000000	0.000000	42.779472	38.418713	42.245565	20.000000	
4.793872	0.000000	0.000000	0.000000	40.904472	36.543713	41.156387	20.000000	
4.430614	0.000000	0.000000	0.000000	39.029472	34.668713	39.912770	20.000000	
4.494823	0.000000	0.000000	0.000000	37.154472	32.793713	39.047547	20.000000	
4.511239	0.000000	0.000000	0.000000	35.279472	30.918713	38.115440	20.000000	
5.017509	0.000000	0.000000	0.000000	33.404472	29.043713	37.166233	20.000000	
4.768878	0.000000	0.000000	0.000000	31.529472	27.168713	35.689661	20.000000	
4.623599	0.000000	0.000000	0.000000	29.654472	25.293713	34.472079	20.000000	
5.102684	0.000000	0.000000	0.000000	27.779472	23.418713	33.405830	20.000000	
5.146327	0.000000	0.000000	0.000000	25.904472	21.543713	31.840535	20.000000	
5.310743	0.000000	3.510743	0.000000	24.029472	20.000000	29.898490	20.000000	
4.960470	0.000000	3.160470	0.000000	22.154472	20.000000	29.898490	20.000000	
5.184468	0.000000	4.916175	0.000000	20.279472	20.000000	29.898490	20.000000	
5.086083	0.000000	1.786083	0.000000	20.000000	20.000000	29.898490	20.000000	
5.439576	0.000000	2.139576	0.000000	20.000000	20.000000	26.460990	20.000000	
5.255807	0.000000	2.353256	0.000000	20.000000	20.000000	23.023490	20.000000	
5.386494	0.000000	5.386494	0.000000	20.000000	20.000000	20.000000	20.000000	
5.513895	0.000000	5.513895	0.000000	20.000000	20.000000	20.000000	20.000000	
5.467539	0.000000	5.467539	0.000000	20.000000	20.000000	20.000000	20.000000	
5.460007	0.000000	5.460007	0.000000	20.000000	20.000000	20.000000	20.000000	
5.352085	0.000000	5.352085	0.000000	20.000000	20.000000	20.000000	20.000000	
5.496157	0.000000	5.496157	0.000000	20.000000	20.000000	20.000000	20.000000	
5.182738	0.000000	5.182738	0.000000	20.000000	20.000000	20.000000	20.000000	
5.435030	0.000000	5.435030	0.000000	20.000000	20.000000	20.000000	20.000000	
5.368408	0.000000	5.368408	0.000000	20.000000	20.000000	20.000000	20.000000	
4.968889	0.000000	4.968889	0.000000	20.000000	20.000000	20.000000	20.000000	
5.246292	0.000000	5.246292	0.000000	20.000000	20.000000	20.000000	20.000000	
5.238736	0.000000	5.238736	0.000000	20.000000	20.000000	20.000000	20.000000	
4.930153	0.000000	4.930153	0.000000	20.000000	20.000000	20.000000	20.000000	
4.545122	1.931793	2.613329	0.000000	20.000000	20.000000	20.000000	20.000000	
4.743141	1.931793	2.811348	0.000000	20.000000	20.000000	20.000000	20.000000	
4.983571	1.931793	3.051778	0.000000	20.000000	20.000000	20.000000	20.000000	
4.583535	1.931793	2.651742	0.000000	20.000000	20.000000	20.000000	20.000000	
4.432018	5.027552	0.000000	0.000000	20.000000	20.000000	20.000000	20.000000	
4.240274	5.027552	0.000000	0.000000	20.620348	20.000000	20.000000	20.000000	
4.297464	5.027552	0.000000	0.000000	21.440429	20.000000	20.000000	20.000000	
3.973068	5.027552	0.000000	0.000000	22.200937	20.000000	20.000000	20.000000	
3.996258	16.125330	0.000000	2.183965	23.299358	20.000000	20.000000	20.000000	
4.213540	16.125330	0.000000	3.188806	24.908845	21.875000	23.437500	23.437500	
4.201717	16.125330	0.000000	4.029070	26.414334	23.589286	26.370833	26.370833	
4.096761	16.125330	0.000000	4.750226	27.834018	25.178990	28.977880	28.977880	
4.651558	15.109410	0.000000	3.663794	29.181290	26.668327	31.350380	31.350380	
4.779915	15.109410	0.000000	3.930353	30.466360	28.074490	33.543335	33.543335	
4.802342	15.109410	0.000000	4.238655	31.697226	29.410222	35.592923	35.592923	
5.245700	15.109410	0.000000	4.077926	32.880295	30.685289	37.524487	37.524487	
4.969582	24.057850	0.000000	13.547880	34.020795	31.907373	39.356624	39.356624	
4.953205	24.057850	0.000000	13.780086	35.123062	33.082650	41.103471	41.103471	
4.932111	24.057850	0.000000	13.993038	36.190737	34.216175	42.776079	42.776079	
4.982163	24.057850	0.000000	14.115073	37.226914	35.312147	44.383286	44.383286	
5.013825	22.255820	0.000000	12.436921	38.234249	36.374105	45.932292	45.932292	
5.020139	22.255820	0.000000	12.572125	39.215045	37.405058	47.429060	47.429060	
5.066875	22.255820	0.000000	12.654900	40.171311	38.407596	48.878594	48.878594	
5.489582	22.255820	0.000000	12.351321	41.104813	39.383966	50.285140	50.285140	
5.290544	13.250010	0.000000	3.654625	42.017115	40.336130	51.652343	51.652343	
5.286879	13.250010	0.000000	3.760417	42.909608	41.265817	52.983357	52.983357	
5.483225	13.250010	0.000000	3.659170	43.783539	42.174560	54.280934	54.280934	
5.384006	13.250010	0.000000	3.847237	44.640025	43.063722	55.547493	55.547493	
5.660942	14.874250	0.000000	5.277801	45.480078	43.934524	56.785173	56.785173	
5.743041	14.874250	0.000000	5.273939	46.304615	44.788067	57.995876	57.995876	
5.650698	14.874250	0.000000	5.439986	47.114469	45.625344	59.181305	59.181305	
5.573186	14.874250	0.000000	5.587094	47.910403	46.447255	60.342990	60.342990	
5.715665	15.840920	0.000000	6.477142	48.693114	47.254623	61.482310	61.482310	
5.705725	15.840920	0.000000	6.549525	49.463244	48.048196	62.600518	62.600518	
5.774970	15.840920	0.000000	6.539598	50.221382	48.828662	63.698752	63.698752	
5.839388	15.840920	0.000000	6.531625	50.968076	49.596654	64.778051	64.778051	
5.799214	20.187820	0.000000	10.972497	51.703831	50.352753	65.839367	65.839367	
5.771149	20.187820	0.000000	11.051915	52.429116	51.097499	66.883575	66.883575	
6.059472	20.187820	0.000000	10.812681	53.144367	51.831390	67.911481	67.911481	
5.852886	20.187820	0.000000	11.066254	53.849992	52.554890	68.923828	68.923828	
6.126622	9.005749	0.000000	0.000000	54.546371	53.268429	69.921306	69.921306	
6.063569	9.005749	0.000000	0.000000	55.233860	53.972411	70.904554	70.545678	
5.730240	9.005749	0.000000	0.128754	55.912791	54.667211	71.874167	71.267105	
5.956434	9.005749	0.000000	0.000000	56.583478	55.353179	72.830700	72.231786	
6.015645	4.523920	0.000000	0.000000	57.246216	56.030647	73.774670	73.123980	
5.941482	4.523920	0.000000	0.000000	57.246216	56.030647	73.774670	71.570100	
6.131807	4.523920	0.000000	0.000000	57.246216	56.030647	73.774670	70.093473	
6.138796	4.523920	0.000000	0.000000	57.246216	56.030647	73.774670	68.418590	
5.961740	1.220179	0.000000	0.000000	57.246216	56.030647	73.774670	66.736428	
6.092042	1.220179	0.000000	0.000000	57.246216	56.030647	72.273044	63.298928	
5.929494	1.220179	0.000000	0.000000	57.246216	56.030647	70.635687	59.861428	
6.340917	1.220179	0.000000	0.000000	57.246216	56.030647	69.167651	56.423928	
6.070368	0.000000	0.000000	0.000000	57.246216	56.030647	67.271048	52.986428	
5.965667	0.000000	0.000000	0.000000	57.246216	56.030647	64.385248	49.548928	
5.768713	0.000000	0.000000	0.000000	57.246216	56.030647	61.608512	46.111428	
5.241189	0.000000	0.000000	0.000000	57.246216	56.030647	59.036936	42.673928	
5.113850	0.000000	0.000000	0.000000	57.246216	56.030647	57.014864	39.236428	
5.078645	0.000000	0.000000	0.000000	57.246216	56.030647	55.125437	35.798928	
5.121712	0.000000	0.000000	0.000000	57.246216	56.030647	53.272682	32.361428	
5.299176	0.000000	0.000000	0.000000	57.246216	56.030647	51.375065	28.923928	
5.566394	0.000000	0.000000	0.000000	57.246216	56.030647	49.292590	25.486428	
5.600607	0.000000	0.000000	0.000000	57.246216	56.030647	46.931763	22.048928	
5.358737	0.000000	0.000000	0.000000	57.246216	55.683109	43.494263	20.000000	
5.870749	0.000000	0.000000	0.000000	55.371216	53.808109	41.662245	20.000000	
5.792412	0.000000	0.000000	0.000000	53.496216	51.933109	39.296882	20.000000	
6.018903	0.000000	0.000000	0.000000	51.621216	50.058109	37.013119	20.000000	
5.591409	0.000000	0.000000	0.000000	49.746216	48.183109	34.493429	20.000000	
5.725986	0.000000	0.000000	0.000000	47.871216	46.308109	32.419044	20.000000	
5.457186	0.000000	0.000000	0.000000	45.996216	44.433109	30.204476	20.000000	
5.684715	0.000000	0.000000	0.000000	44.121216	42.558109	28.269907	20.000000	
5.505915	0.000000	0.000000	0.000000	42.246216	40.683109	26.098329	20.000000	
5.692753	0.000000	0.000000	0.000000	40.371216	38.808109	24.113001	20.000000	
5.803341	0.000000	0.347613	0.000000	38.496216	36.933109	21.933049	20.000000	
5.885408	0.000000	2.285408	0.000000	36.621216	35.058109	20.000000	20.000000	
5.738474	0.000000	2.138474	0.000000	34.746216	33.183109	20.000000	20.000000	
5.749081	0.000000	2.149081	0.000000	32.871216	31.308109	20.000000	20.000000	
5.770756	0.000000	2.170756	0.000000	30.996216	29.433109	20.000000	20.000000	
5.876270	0.000000	2.276270	0.000000	29.121216	27.558109	20.000000	20.000000	
6.034129	0.000000	2.434129	0.000000	27.246216	25.683109	20.000000	20.000000	
6.077291	0.000000	2.477291	0.000000	25.371216	23.808109	20.000000	20.000000	
5.983703	0.000000	2.383703	0.000000	23.496216	21.933109	20.000000	20.000000	
6.284263	0.000000	4.672111	0.000000	21.621216	20.058109	20.000000	20.000000	
6.168799	0.000000	6.168799	0.000000	20.000000	20.000000	20.000000	20.000000	
6.211594	0.000000	6.211594	0.000000	20.000000	20.000000	20.000000	20.000000	
5.981960	0.000000	5.981960	0.000000	20.000000	20.000000	20.000000	20.000000	
6.235570	0.000000	6.235570	0.000000	20.000000	20.000000	20.000000	20.000000	
6.106522	0.000000	6.106522	0.000000	20.000000	20.000000	20.000000	20.000000	
6.312915	0.000000	6.312915	0.000000	20.000000	20.000000	20.000000	20.000000	
6.377868	0.000000	6.377868	0.000000	20.000000	20.000000	20.000000	20.000000	
6.896820	0.000000	6.896820	0.000000	20.000000	20.000000	20.000000	20.000000	
6.606220	0.000000	6.606220	0.000000	20.000000	20.000000	20.000000	20.000000	
7.093430	0.000000	7.093430	0.000000	20.000000	20.000000	20.000000	20.000000	
6.676605	0.000000	6.676605	0.000000	20.000000	20.000000	20.000000	20.000000	
6.481741	0.000000	6.481741	0.000000	20.000000	20.000000	20.000000	20.000000	
6.812797	0.000000	6.812797	0.000000	20.000000	20.000000	20.000000	20.000000	
6.360446	0.000000	6.360446	0.000000	20.000000	20.000000	20.000000	20.000000	
7.467241	0.883863	6.583378	0.000000	20.000000	20.000000	20.000000	20.000000	
7.528686	0.883863	6.644823	0.000000	20.000000	20.000000	20.000000	20.000000	
7.238540	0.883863	6.354677	0.000000	20.000000	20.000000	20.000000	20.000000	
8.309888	0.883863	7.426025	0.000000	20.000000	20.000000	20.000000	20.000000	
9.073246	2.026327	7.046919	0.000000	20.000000	20.000000	20.000000	20.000000	
8.781471	2.026327	6.755144	0.000000	20.000000	20.000000	20.000000	20.000000	
8.321429	2.026327	6.295102	0.000000	20.000000	20.000000	20.000000	20.000000	
9.189346	2.026327	7.163019	0.000000	20.000000	20.000000	20.000000	20.000000	
9.814172	1.238961	8.575211	0.000000	20.000000	20.000000	20.000000	20.000000	
9.502105	1.238961	8.263144	0.000000	20.000000	20.000000	20.000000	20.000000	
10.032590	1.238961	8.793629	0.000000	20.000000	20.000000	20.000000	20.000000	
10.106400	1.238961	8.867439	0.000000	20.000000	20.000000	20.000000	20.000000	
10.495330	0.620667	9.874663	0.000000	20.000000	20.000000	20.000000	20.000000	
11.516690	0.620667	10.896023	0.000000	20.000000	20.000000	20.000000	20.000000	
11.159280	0.620667	10.538613	0.000000	20.000000	20.000000	20.000000	20.000000	
11.845030	0.620667	11.224363	0.000000	20.000000	20.000000	20.000000	20.000000	
11.833910	4.290720	7.543190	0.000000	20.000000	20.000000	20.000000	20.000000	
12.178070	4.290720	7.887350	0.000000	20.000000	20.000000	20.000000	20.000000	
12.349440	4.290720	8.058720	0.000000	20.000000	20.000000	20.000000	20.000000	
12.313670	4.290720	8.022950	0.000000	20.000000	20.000000	20.000000	20.000000	
13.503850	0.433429	13.070421	0.000000	20.000000	20.000000	20.000000	20.000000	
12.459810	0.433429	12.026381	0.000000	20.000000	20.000000	20.000000	20.000000	
12.550860	0.433429	12.117431	0.000000	20.000000	20.000000	20.000000	20.000000	
13.415490	0.433429	12.982061	0.000000	20.000000	20.000000	20.000000	20.000000	
14.472930	0.835567	13.637363	0.000000	20.000000	20.000000	20.000000	20.000000	
14.271010	0.835567	13.435443	0.000000	20.000000	20.000000	20.000000	20.000000	
14.093490	0.835567	13.257923	0.000000	20.000000	20.000000	20.000000	20.000000	
14.231960	0.835567	13.396393	0.000000	20.000000	20.000000	20.000000	20.000000	
14.202700	5.951369	8.251331	0.000000	20.000000	20.000000	20.000000	20.000000	
14.331130	5.951369	8.379761	0.000000	20.000000	20.000000	20.000000	20.000000	
13.530500	5.951369	7.579131	0.000000	20.000000	20.000000	20.000000	20.000000	
13.573050	5.951369	7.621681	0.000000	20.000000	20.000000	20.000000	20.000000	
13.052560	15.000870	0.000000	0.000000	20.000000	20.000000	20.000000	20.000000	
13.111200	15.000870	0.000000	0.000000	21.875000	20.154490	20.000000	20.000000	
13.440380	15.000870	0.000000	0.000000	23.589286	20.408610	20.000000	20.000000	
13.731720	15.000870	0.000000	0.000000	25.178990	20.444416	20.000000	20.000000	
13.601920	9.629556	3.972364	0.000000	26.501022	20.444416	20.000000	20.000000	
12.976760	9.629556	1.120565	0.000000	26.501022	20.444416	20.000000	20.000000	
12.671480	9.629556	1.241924	0.000000	24.626022	20.000000	20.000000	20.000000	
12.634360	9.629556	1.204804	0.000000	22.751022	20.000000	20.000000	20.000000	
11.928000	1.701417	9.385602	0.000000	20.876022	20.000000	20.000000	20.000000	
12.139640	1.701417	10.438223	0.000000	20.000000	20.000000	20.000000	20.000000	
12.578510	1.701417	10.877093	0.000000	20.000000	20.000000	20.000000	20.000000	
11.693560	1.701417	9.992143	0.000000	20.000000	20.000000	20.000000	20.000000	
10.865340	1.989469	8.875871	0.000000	20.000000	20.000000	20.000000	20.000000	
11.666550	1.989469	9.677081	0.000000	20.000000	20.000000	20.000000	20.000000	
11.168260	1.989469	9.178791	0.000000	20.000000	20.000000	20.000000	20.000000	
10.807700	1.989469	8.818231	0.000000	20.000000	20.000000	20.000000	20.000000	
8.618450	1.291721	7.326729	0.000000	20.000000	20.000000	20.000000	20.000000	
9.374730	1.291721	8.083009	0.000000	20.000000	20.000000	20.000000	20.000000	
9.084511	1.291721	7.792790	0.000000	20.000000	20.000000	20.000000	20.000000	
7.269916	1.291721	5.978195	0.000000	20.000000	20.000000	20.000000	20.000000	
6.210909	0.000000	6.210909	0.000000	20.000000	20.000000	20.000000	20.000000	
6.271938	0.000000	6.271938	0.000000	20.000000	20.000000	20.000000	20.000000	
6.279785	0.000000	6.279785	0.000000	20.000000	20.000000	20.000000	20.000000	
5.083050	0.000000	5.083050	0.000000	20.000000	20.000000	20.000000	20.000000	
5.076625	0.000000	5.076625	0.000000	20.000000	20.000000	20.000000	20.000000	
4.974826	0.000000	4.974826	0.000000	20.000000	20.000000	20.000000	20.000000	
5.103739	0.000000	5.103739	0.000000	20.000000	20.000000	20.000000	20.000000	
5.047400	0.000000	5.047400	0.000000	20.000000	20.000000	20.000000	20.000000	
5.353780	0.000000	5.353780	0.000000	20.000000	20.000000	20.000000	20.000000	
5.045993	0.000000	5.045993	0.000000	20.000000	20.000000	20.000000	20.000000	
5.029652	0.000000	5.029652	0.000000	20.000000	20.000000	20.000000	20.000000	
5.180250	0.000000	5.180250	0.000000	20.000000	20.000000	20.000000	20.000000	
5.102505	0.000000	5.102505	0.000000	20.000000	20.000000	20.000000	20.000000	
5.390170	0.000000	5.390170	0.000000	20.000000	20.000000	20.000000	20.000000	
5.543732	0.000000	5.543732	0.000000	20.000000	20.000000	20.000000	20.000000	
5.398895	0.000000	5.398895	0.000000	20.000000	20.000000	20.000000	20.000000	
5.362384	0.000000	5.362384	0.000000	20.000000	20.000000	20.000000	20.000000	
5.083045	0.000000	5.083045	0.000000	20.000000	20.000000	20.000000	20.000000	
5.248553	0.000000	5.248553	0.000000	20.000000	20.000000	20.000000	20.000000	
5.208714	0.000000	5.208714	0.000000	20.000000	20.000000	20.000000	20.000000	
5.333248	0.000000	5.333248	0.000000	20.000000	20.000000	20.000000	20.000000	
5.327112	0.000000	5.327112	0.000000	20.000000	20.000000	20.000000	20.000000	
5.464139	0.000000	5.464139	0.000000	20.000000	20.000000	20.000000	20.000000	
5.712923	0.000000	5.712923	0.000000	20.000000	20.000000	20.000000	20.000000	
5.714125	0.000000	5.714125	0.000000	20.000000	20.000000	20.000000	20.000000	
5.902549	0.000000	5.902549	0.000000	20.000000	20.000000	20.000000	20.000000	
5.787890	0.000000	5.787890	0.000000	20.000000	20.000000	20.000000	20.000000	
5.576808	0.000000	5.576808	0.000000	20.000000	20.000000	20.000000	20.000000	
5.664567	0.000000	5.664567	0.000000	20.000000	20.000000	20.000000	20.000000	
5.667546	0.000000	5.667546	0.000000	20.000000	20.000000	20.000000	20.000000	
5.528080	0.000000	5.528080	0.000000	20.000000	20.000000	20.000000	20.000000	
5.561544	0.000000	5.561544	0.000000	20.000000	20.000000	20.000000	20.000000	
5.467284	0.000000	5.467284	0.000000	20.000000	20.000000	20.000000	20.000000	
5.372353	0.000000	5.372353	0.000000	20.000000	20.000000	20.000000	20.000000	
5.704699	0.000000	5.704699	0.000000	20.000000	20.000000	20.000000	20.000000	
5.537645	0.000000	5.537645	0.000000	20.000000	20.000000	20.000000	20.000000	
5.655872	0.000000	5.655872	0.000000	20.000000	20.000000	20.000000	20.000000	
5.863656	0.000000	5.863656	0.000000	20.000000	20.000000	20.000000	20.000000	
5.660725	0.000000	5.660725	0.000000	20.000000	20.000000	20.000000	20.000000	
5.917947	0.000000	5.917947	0.000000	20.000000	20.000000	20.000000	20.000000	
5.640371	0.000000	5.640371	0.000000	20.000000	20.000000	20.000000	20.000000	
6.127587	0.000000	6.127587	0.000000	20.000000	20.000000	20.000000	20.000000	
6.127636	0.000000	6.127636	0.000000	20.000000	20.000000	20.000000	20.000000	
5.936416	0.000000	5.936416	0.000000	20.000000	20.000000	20.000000	20.000000	
6.724851	2.129320	4.595531	0.000000	20.000000	20.000000	20.000000	20.000000	
6.944157	2.129320	4.814837	0.000000	20.000000	20.000000	20.000000	20.000000	
7.002092	2.129320	4.872772	0.000000	20.000000	20.000000	20.000000	20.000000	
7.638903	2.129320	5.509583	0.000000	20.000000	20.000000	20.000000	20.000000	
8.117532	7.491921	0.625611	0.000000	20.000000	20.000000	20.000000	20.000000	
8.337372	7.491921	0.845451	0.000000	20.000000	20.000000	20.000000	20.000000	
8.043196	7.491921	0.551275	0.000000	20.000000	20.000000	20.000000	20.000000	
8.828980	7.491921	1.337059	0.000000	20.000000	20.000000	20.000000	20.000000	
9.098964	9.523476	0.000000	0.000000	20.000000	20.000000	20.000000	20.000000	
9.439432	9.523476	0.000000	0.000000	20.442200	20.000000	20.000000	20.000000	
9.333817	9.523476	0.000000	0.000000	20.529746	20.000000	20.000000	20.000000	
9.827601	9.523476	0.304125	0.000000	20.727307	20.000000	20.000000	20.000000	
10.580640	10.092660	0.000000	0.000000	20.727307	20.000000	20.000000	20.000000	
10.958320	10.092660	0.655425	0.000000	20.218995	20.000000	20.000000	20.000000	
10.188730	10.092660	0.096070	0.000000	20.000000	20.000000	20.000000	20.000000	
11.166020	10.092660	1.073360	0.000000	20.000000	20.000000	20.000000	20.000000	
10.906440	11.514730	0.000000	0.000000	20.000000	20.000000	20.000000	20.000000	
10.915510	11.514730	0.000000	0.000000	20.633635	20.000000	20.000000	20.000000	
10.955530	11.514730	0.000000	0.000000	21.257823	20.000000	20.000000	20.000000	
11.665580	11.514730	0.150850	0.000000	21.840323	20.000000	20.000000	20.000000	
12.382590	20.196220	0.000000	0.000000	21.840323	20.000000	20.000000	20.000000	
12.477470	20.196220	0.000000	0.000000	21.840323	21.875000	23.437500	22.826698	
11.648760	20.196220	0.000000	0.344181	22.221244	23.589286	26.370833	25.838522	
12.133750	20.196220	0.000000	0.533539	23.908819	25.178990	28.977880	28.499278	
11.945700	23.556770	0.000000	4.607773	25.477277	26.668327	31.350380	30.911620	
12.918110	23.556770	0.000000	4.061096	26.949177	28.074490	33.543335	33.135703	
12.655130	23.556770	0.000000	4.678575	28.340685	29.410222	35.592923	35.210504	
12.589810	23.556770	0.000000	5.045353	29.663872	30.685289	37.524487	37.163046	
12.302790	18.760840	0.000000	0.797075	30.928036	31.907373	39.356624	39.013002	
11.596150	18.760840	0.000000	1.732092	32.140528	33.082650	41.103471	40.775235	
12.183400	18.760840	0.000000	1.347186	33.307279	34.216175	42.776079	42.461308	
11.049850	18.760840	0.000000	2.661698	34.433159	35.312147	44.383286	44.080429	
10.364300	10.959690	0.000000	0.000000	35.522225	36.374105	45.932292	45.640078	
10.335630	10.959690	0.000000	0.000000	35.522225	36.994303	45.932292	45.640078	
10.524430	10.959690	0.000000	0.000000	35.522225	37.644365	45.932292	45.640078	
10.583040	10.959690	0.000000	0.000000	35.522225	38.097761	45.932292	45.640078	
10.164590	15.400260	0.000000	0.403920	35.522225	38.490105	45.932292	45.640078	
9.793612	15.400260	0.000000	0.918786	36.577903	39.464381	47.429060	47.146429	
10.572440	15.400260	0.000000	0.271506	37.603112	40.414605	48.878594	48.604652	
10.009040	15.400260	0.000000	0.955801	38.600370	41.342488	50.285140	50.019126	
9.610308	16.816970	0.000000	2.882864	39.571863	42.249545	51.652343	51.393600	
9.701046	16.816970	0.000000	2.895613	40.519506	43.137128	52.983357	52.731315	
10.007040	16.816970	0.000000	2.685922	41.444986	44.006449	54.280934	54.035095	
9.784407	16.816970	0.000000	2.998476	42.349800	44.858597	55.547493	55.307416	
8.918548	2.826436	0.000000	0.000000	43.235282	45.694557	56.785173	56.550468	
9.372747	2.826436	0.000000	0.000000	41.360282	45.694557	55.751723	53.112968	
9.308569	2.826436	0.000000	0.000000	39.485282	45.694557	54.245149	49.675468	
8.673699	2.826436	0.000000	0.000000	37.610282	45.694557	52.805427	46.237968	
7.744157	1.335384	0.000000	0.000000	35.735282	45.694557	52.027028	42.800468	
7.121783	1.335384	0.000000	0.000000	33.860282	45.694557	50.663723	39.362968	
7.281508	1.335384	0.000000	0.000000	31.985282	45.694557	49.948724	35.925468	
6.114433	1.335384	0.000000	0.000000	30.110282	45.694557	49.067345	32.487968	
5.416773	0.000000	0.000000	0.000000	28.235282	45.694557	49.067345	29.384792	
4.983343	0.000000	0.000000	0.000000	26.360282	45.694557	48.737373	25.947292	
5.339006	0.000000	0.000000	0.000000	24.485282	45.694557	48.737373	22.631310	
4.278538	0.000000	2.478538	0.000000	22.610282	45.694557	47.682218	20.000000	
4.109295	0.000000	3.403424	0.000000	20.735282	45.694557	47.682218	20.000000	
4.002742	0.000000	0.000000	0.000000	20.000000	45.694557	47.682218	20.000000	
4.210996	0.000000	0.000000	0.000000	20.000000	44.962534	44.244718	20.000000	
3.921966	0.000000	0.000000	0.000000	20.000000	44.013580	40.807218	20.000000	
4.105982	0.000000	0.000000	0.000000	20.000000	43.365699	37.369718	20.000000	
4.147428	0.000000	0.000000	0.000000	20.000000	42.526134	33.932218	20.000000	
4.155333	0.000000	0.000000	0.000000	20.000000	41.643397	30.494718	20.000000	
4.123056	0.000000	0.000000	0.000000	20.000000	40.752425	27.057218	20.000000	
4.483222	0.000000	0.000000	0.000000	20.000000	39.895075	23.619718	20.000000	
4.470124	0.000000	2.495195	0.000000	20.000000	38.662552	20.182218	20.000000	
4.278747	0.000000	2.478747	0.000000	20.000000	36.787552	20.000000	20.000000	
4.420572	0.000000	2.620572	0.000000	20.000000	34.912552	20.000000	20.000000	
4.141505	0.000000	2.341505	0.000000	20.000000	33.037552	20.000000	20.000000	
4.338591	0.000000	2.538591	0.000000	20.000000	31.162552	20.000000	20.000000	
4.042195	0.000000	2.242195	0.000000	20.000000	29.287552	20.000000	20.000000	
4.077875	0.000000	2.277875	0.000000	20.000000	27.412552	20.000000	20.000000	
4.557040	0.000000	2.757040	0.000000	20.000000	25.537552	20.000000	20.000000	
4.186974	0.000000	2.386974	0.000000	20.000000	23.662552	20.000000	20.000000	
4.561397	0.000000	2.845347	0.000000	20.000000	21.787552	20.000000	20.000000	
4.628191	0.000000	4.628191	0.000000	20.000000	20.000000	20.000000	20.000000	
4.843108	0.000000	4.843108	0.000000	20.000000	20.000000	20.000000	20.000000	
4.703188	0.000000	4.703188	0.000000	20.000000	20.000000	20.000000	20.000000	
4.561253	0.000000	4.561253	0.000000	20.000000	20.000000	20.000000	20.000000	
4.933331	0.000000	4.933331	0.000000	20.000000	20.000000	20.000000	20.000000	
5.074895	0.000000	5.074895	0.000000	20.000000	20.000000	20.000000	20.000000	
5.034351	0.000000	5.034351	0.000000	20.000000	20.000000	20.000000	20.000000	
5.035910	0.000000	5.035910	0.000000	20.000000	20.000000	20.000000	20.000000	
4.983721	0.000000	4.983721	0.000000	20.000000	20.000000	20.000000	20.000000	
4.896351	0.000000	4.896351	0.000000	20.000000	20.000000	20.000000	20.000000	
5.093678	0.000000	5.093678	0.000000	20.000000	20.000000	20.000000	20.000000	
5.023468	0.000000	5.023468	0.000000	20.000000	20.000000	20.000000	20.000000	
5.094633	0.000000	5.094633	0.000000	20.000000	20.000000	20.000000	20.000000	
5.605674	0.000000	5.605674	0.000000	20.000000	20.000000	20.000000	20.000000	
5.285599	0.000000	5.285599	0.000000	20.000000	20.000000	20.000000	20.000000	
5.078135	0.000000	5.078135	0.000000	20.000000	20.000000	20.000000	20.000000	
5.593676	0.000000	5.593676	0.000000	20.000000	20.000000	20.000000	20.000000	
5.021758	0.000000	5.021758	0.000000	20.000000	20.000000	20.000000	20.000000	
5.418036	0.000000	5.418036	0.000000	20.000000	20.000000	20.000000	20.000000	
5.046917	0.000000	5.046917	0.000000	20.000000	20.000000	20.000000	20.000000	
4.934164	0.000000	4.934164	0.000000	20.000000	20.000000	20.000000	20.000000	
5.501540	2.373761	3.127779	0.000000	20.000000	20.000000	20.000000	20.000000	
5.815822	2.373761	3.442061	0.000000	20.000000	20.000000	20.000000	20.000000	
5.541048	2.373761	3.167287	0.000000	20.000000	20.000000	20.000000	20.000000	
6.606619	2.373761	4.232858	0.000000	20.000000	20.000000	20.000000	20.000000	
7.201143	10.653470	0.000000	0.000000	20.000000	20.000000	20.000000	20.000000	
7.013933	10.653470	0.000000	0.000000	21.875000	21.721174	20.000000	20.000000	
7.083010	10.653470	0.000000	0.000000	23.589286	23.447600	20.350473	20.000000	
7.207330	10.653470	0.000000	0.000000	25.178990	25.046911	20.880686	20.000000	
7.895246	6.664057	1.231189	0.000000	26.668327	26.544101	21.483888	20.000000	
8.263796	6.664057	0.000000	0.000000	26.668327	26.544101	21.483888	20.000000	
7.874800	6.664057	0.000000	0.000000	25.001933	26.544101	21.483888	20.000000	
8.573014	6.664057	0.000000	0.000000	23.740742	26.544101	21.483888	20.000000	
8.554994	4.159196	0.000000	0.000000	21.865742	26.430605	21.483888	20.000000	
8.823400	4.159196	2.244357	0.000000	20.000000	24.555605	20.645674	20.000000	
9.397423	4.159196	3.438227	0.000000	20.000000	22.680605	20.000000	20.000000	
9.355314	4.159196	4.422738	0.000000	20.000000	20.805605	20.000000	20.000000	
9.177328	23.766620	0.000000	4.389292	20.000000	20.000000	20.000000	20.000000	
9.257211	23.766620	0.000000	5.585980	21.875000	21.875000	23.437500	23.437500	
9.980142	23.766620	0.000000	5.728715	23.589286	23.589286	26.370833	26.370833	
9.721320	23.766620	0.000000	6.630575	25.178990	25.178990	28.977880	28.977880	
10.647710	21.962170	0.000000	4.404153	26.668327	26.668327	31.350380	31.350380	
10.430120	21.962170	0.000000	5.032236	28.074490	28.074490	33.543335	33.543335	
10.398220	21.962170	0.000000	5.407219	29.410222	29.410222	35.592923	35.592923	
10.595670	21.962170	0.000000	5.502396	30.685289	30.685289	37.524487	37.524487	
11.012440	27.768310	0.000000	11.145392	31.907373	31.907373	39.356624	39.356624	
10.394980	27.768310	0.000000	11.985555	33.082650	33.082650	41.103471	41.103471	
10.699830	27.768310	0.000000	11.878375	34.216175	34.216175	42.776079	42.776079	
10.856430	27.768310	0.000000	11.898829	35.312147	35.312147	44.383286	44.383286	
10.976950	13.662370	0.000000	0.000000	36.374105	36.374105	45.932292	45.932292	
11.133440	13.662370	0.000000	0.000000	37.405058	37.405058	46.667698	45.932292	
10.457590	13.662370	0.000000	0.000000	38.407596	38.407596	47.296924	45.932292	
10.701830	13.662370	0.000000	0.000000	39.383966	39.383966	48.682498	45.932292	
10.452230	5.298001	0.000000	0.000000	40.336130	40.336130	49.862065	45.932292	
11.382570	5.298001	0.000000	0.000000	40.336130	40.336130	47.930577	42.494792	
10.716880	5.298001	0.000000	0.000000	40.336130	40.336130	45.029984	39.057292	
11.020360	5.298001	0.000000	0.000000	40.336130	40.336130	42.822818	35.619792	
10.219340	2.222159	0.000000	0.000000	40.336130	40.336130	40.299528	32.182292	
10.146340	2.222159	0.000000	0.000000	40.336130	38.880733	36.862028	28.744792	
10.412580	2.222159	0.000000	0.000000	40.336130	37.501378	33.424528	25.307292	
10.173120	2.222159	0.000000	0.000000	40.336130	35.844689	29.987028	21.869792	
10.112460	12.712420	0.000000	0.000000	39.236171	33.969689	26.549528	20.000000	
10.436740	12.712420	0.000000	0.000000	39.236171	33.969689	26.549528	22.708292	
9.954078	12.712420	0.000000	0.000000	39.236171	33.969689	26.549528	25.078792	
9.943503	12.712420	0.000000	0.000000	39.236171	33.969689	26.681440	27.820152	
9.150410	6.141853	0.000000	0.000000	39.236171	33.969689	27.094499	30.291382	
9.242930	6.141853	0.000000	0.000000	37.361171	32.710776	27.094499	30.291382	
8.672169	6.141853	0.000000	0.000000	35.486171	31.355487	27.094499	30.291382	
8.191827	6.141853	0.000000	0.000000	33.611171	30.594741	27.094499	30.291382	
6.860595	1.347012	0.000000	0.000000	31.736171	30.334352	27.094499	30.291382	
6.868477	1.347012	0.000000	0.000000	29.861171	28.459352	25.101183	30.291382	
6.537793	1.347012	0.000000	0.000000	27.986171	26.584352	23.099657	30.291382	
5.536691	1.347012	0.000000	0.000000	26.111171	24.709352	21.442594	30.291382	
4.835647	0.000000	0.000000	0.000000	24.236171	22.834352	20.828345	30.291382	
4.681249	0.000000	1.960271	0.000000	22.361171	20.959352	20.000000	29.832594	
4.590625	0.000000	4.123901	0.000000	20.486171	20.000000	20.000000	29.832594	
4.059126	0.000000	0.759126	0.000000	20.000000	20.000000	20.000000	29.832594	
4.130553	0.000000	0.830553	0.000000	20.000000	20.000000	20.000000	26.395094	
3.948207	0.000000	1.108916	0.000000	20.000000	20.000000	20.000000	22.957594	
3.979292	0.000000	3.979292	0.000000	20.000000	20.000000	20.000000	20.000000	
3.956070	0.000000	3.956070	0.000000	20.000000	20.000000	20.000000	20.000000	
3.858903	0.000000	3.858903	0.000000	20.000000	20.000000	20.000000	20.000000	
4.021632	0.000000	4.021632	0.000000	20.000000	20.000000	20.000000	20.000000	
3.930165	0.000000	3.930165	0.000000	20.000000	20.000000	20.000000	20.000000	
4.017337	0.000000	4.017337	0.000000	20.000000	20.000000	20.000000	20.000000	
4.219891	0.000000	4.219891	0.000000	20.000000	20.000000	20.000000	20.000000	
4.209532	0.000000	4.209532	0.000000	20.000000	20.000000	20.000000	20.000000	
4.279399	0.000000	4.279399	0.000000	20.000000	20.000000	20.000000	20.000000	
4.166933	0.000000	4.166933	0.000000	20.000000	20.000000	20.000000	20.000000	
4.216275	0.000000	4.216275	0.000000	20.000000	20.000000	20.000000	20.000000	
4.267530	0.000000	4.267530	0.000000	20.000000	20.000000	20.000000	20.000000	
4.054280	0.000000	4.054280	0.000000	20.000000	20.000000	20.000000	20.000000	
4.009339	0.000000	4.009339	0.000000	20.000000	20.000000	20.000000	20.000000	
4.046660	0.000000	4.046660	0.000000	20.000000	20.000000	20.000000	20.000000	
4.207761	0.000000	4.207761	0.000000	20.000000	20.000000	20.000000	20.000000	
4.118017	0.000000	4.118017	0.000000	20.000000	20.000000	20.000000	20.000000	
4.266614	0.000000	4.266614	0.000000	20.000000	20.000000	20.000000	20.000000	
4.134560	0.000000	4.134560	0.000000	20.000000	20.000000	20.000000	20.000000	
4.197394	0.000000	4.197394	0.000000	20.000000	20.000000	20.000000	20.000000	
4.211200	0.000000	4.211200	0.000000	20.000000	20.000000	20.000000	20.000000	
4.182606	0.000000	4.182606	0.000000	20.000000	20.000000	20.000000	20.000000	
4.177097	0.000000	4.177097	0.000000	20.000000	20.000000	20.000000	20.000000	
4.079580	0.000000	4.079580	0.000000	20.000000	20.000000	20.000000	20.000000	
4.095464	0.000000	4.095464	0.000000	20.000000	20.000000	20.000000	20.000000	
4.369784	0.000000	4.369784	0.000000	20.000000	20.000000	20.000000	20.000000	
4.672845	0.000000	4.672845	0.000000	20.000000	20.000000	20.000000	20.000000	
4.612316	0.000000	4.612316	0.000000	20.000000	20.000000	20.000000	20.000000	
4.735519	0.000000	4.735519	0.000000	20.000000	20.000000	20.000000	20.000000	
4.799292	0.000000	4.799292	0.000000	20.000000	20.000000	20.000000	20.000000	
5.122516	0.000000	5.122516	0.000000	20.000000	20.000000	20.000000	20.000000	
5.188444	0.000000	5.188444	0.000000	20.000000	20.000000	20.000000	20.000000	
5.140526	0.000000	5.140526	0.000000	20.000000	20.000000	20.000000	20.000000	
5.634210	0.000000	5.634210	0.000000	20.000000	20.000000	20.000000	20.000000	
5.012599	0.000000	5.012599	0.000000	20.000000	20.000000	20.000000	20.000000	
4.954014	0.000000	4.954014	0.000000	20.000000	20.000000	20.000000	20.000000	
5.112378	0.000000	5.112378	0.000000	20.000000	20.000000	20.000000	20.000000	
4.779972	0.000000	4.779972	0.000000	20.000000	20.000000	20.000000	20.000000	
5.710466	2.452686	3.257780	0.000000	20.000000	20.000000	20.000000	20.000000	
5.739473	2.452686	3.286787	0.000000	20.000000	20.000000	20.000000	20.000000	
5.787867	2.452686	3.335181	0.000000	20.000000	20.000000	20.000000	20.000000	
6.658233	2.452686	4.205547	0.000000	20.000000	20.000000	20.000000	20.000000	
7.403539	9.548470	0.000000	0.000000	20.000000	20.000000	20.000000	20.000000	
7.106178	9.548470	0.000000	0.000000	21.875000	20.359303	20.000000	20.000000	
7.165718	9.548470	0.000000	0.000000	23.589286	21.189072	20.000000	20.000000	
7.627758	9.548470	0.000000	0.000000	25.178990	22.081400	20.000000	20.000000	
7.901819	17.532260	0.000000	0.087097	26.668327	22.592805	20.000000	20.000000	
8.125076	17.532260	0.000000	1.008506	28.074490	24.252625	23.437500	23.437500	
8.460952	17.532260	0.000000	1.446303	29.410222	25.798850	26.370833	26.370833	
8.503314	17.532260	0.000000	1.979562	30.685289	27.252403	28.977880	28.977880	
8.981607	27.888250	0.000000	12.310410	31.907373	28.628428	31.350380	31.350380	
8.721552	27.888250	0.000000	12.940834	33.082650	29.938315	33.543335	33.543335	
8.894381	27.888250	0.000000	13.078949	34.216175	31.190891	35.592923	35.592923	
9.807991	27.888250	0.000000	12.431731	35.312147	32.393165	37.524487	37.524487	
10.172100	34.668170	0.000000	19.079409	36.374105	33.550816	39.356624	39.356624	
9.620438	34.668170	0.000000	19.835482	37.405058	34.668524	41.103471	41.103471	
10.509150	34.668170	0.000000	19.128881	38.407596	35.750197	42.776079	42.776079	
10.369410	34.668170	0.000000	19.432306	39.383966	36.799142	44.383286	44.383286	
10.593650	33.509680	0.000000	18.197812	40.336130	37.818187	45.932292	45.932292	
10.679670	33.509680	0.000000	18.246912	41.265817	38.809774	47.429060	47.429060	
10.475950	33.509680	0.000000	18.574498	42.174560	39.776025	48.878594	48.878594	
11.279260	33.509680	0.000000	17.885307	43.063722	40.718804	50.285140	50.285140	
10.890630	33.620870	0.000000	18.490733	43.934524	41.639755	51.652343	51.652343	
10.924060	33.620870	0.000000	18.555420	44.788067	42.540336	52.983357	52.983357	
10.986920	33.620870	0.000000	18.584046	45.625344	43.421853	54.280934	54.280934	
11.221350	33.620870	0.000000	18.435195	46.447255	44.285473	55.547493	55.547493	
11.548080	33.795370	0.000000	18.363254	47.254623	45.132252	56.785173	56.785173	
10.545970	33.795370	0.000000	19.440892	48.048196	45.963143	57.995876	57.995876	
10.801360	33.795370	0.000000	19.256728	48.828662	46.779014	59.181305	59.181305	
10.962850	33.795370	0.000000	19.162559	49.596654	47.580656	60.342990	60.342990	
10.999270	28.193050	0.000000	13.587583	50.352753	48.368791	61.482310	61.482310	
11.274550	28.193050	0.000000	13.372816	51.097499	49.144085	62.600518	62.600518	
11.107490	28.193050	0.000000	13.597407	51.831390	49.907147	63.698752	63.698752	
11.107820	28.193050	0.000000	13.651864	52.554890	50.658542	64.778051	64.778051	
10.761770	26.192710	0.000000	12.049832	53.268429	51.398793	65.839367	65.839367	
10.649270	26.192710	0.000000	12.212251	53.972411	52.128382	66.883575	66.883575	
10.717560	26.192710	0.000000	12.191711	54.667211	52.847760	67.911481	67.911481	
10.255170	26.192710	0.000000	12.699836	55.353179	53.557345	68.923828	68.923828	
9.850911	20.781050	0.000000	7.736295	56.030647	54.257529	69.921306	69.921306	
10.403000	20.781050	0.000000	7.226314	56.699924	54.948677	70.904554	70.904554	
10.419880	20.781050	0.000000	7.249906	57.361300	55.631132	71.874167	71.874167	
9.784407	20.781050	0.000000	7.924319	58.015051	56.305215	72.830700	72.830700	
8.713156	11.684680	0.000000	0.000000	58.661435	56.971228	73.774670	73.774670	
8.743834	11.684680	0.000000	0.000000	59.300697	57.629455	74.706562	74.640628	
9.007513	11.684680	0.000000	0.000000	59.933067	58.280164	75.626829	75.500662	
7.916472	11.684680	0.000000	0.833290	60.558765	58.923608	76.535898	76.111168	
6.423673	1.301620	0.000000	0.000000	61.177998	59.560025	77.434169	77.014452	
6.935755	1.301620	0.000000	0.000000	61.177998	59.560025	75.536198	73.576952	
6.487566	1.301620	0.000000	0.000000	61.177998	59.560025	73.104807	70.139452	
5.488546	1.301620	0.000000	0.000000	61.177998	59.560025	71.140280	66.701952	
4.818901	0.000000	0.000000	0.000000	61.177998	59.560025	70.216399	63.264452	
4.670990	0.000000	0.000000	0.000000	61.177998	59.560025	68.634210	59.826952	
4.660457	0.000000	0.000000	0.000000	61.177998	59.560025	67.206095	56.389452	
4.059126	0.000000	0.000000	0.000000	61.177998	59.560025	65.788953	52.951952	
4.126715	0.000000	0.000000	0.000000	61.177998	59.560025	64.998197	49.514452	
3.759631	0.000000	0.000000	0.000000	61.177998	59.560025	64.137035	46.076952	
4.124206	0.000000	0.000000	0.000000	61.177998	59.560025	63.658253	42.639452	
3.853758	0.000000	0.000000	0.000000	61.177998	59.560025	62.799705	39.201952	
3.877726	0.000000	0.000000	0.000000	61.177998	59.560025	62.222874	35.764452	
3.949947	0.000000	0.000000	0.000000	61.177998	59.560025	61.621076	32.326952	
4.085606	0.000000	0.000000	0.000000	61.177998	59.560025	60.944048	28.889452	
4.123056	0.000000	0.000000	0.000000	61.177998	59.560025	60.125708	25.451952	
4.010722	0.000000	0.000000	0.000000	61.177998	59.560025	59.268358	22.014452	
4.136639	0.000000	0.000000	0.000000	61.177998	59.560025	57.104974	20.000000	
4.346736	0.000000	0.000000	0.000000	59.302998	57.685025	56.545975	20.000000	
4.275635	0.000000	0.000000	0.000000	57.427998	55.810025	55.768125	20.000000	
4.341220	0.000000	0.000000	0.000000	55.552998	53.935025	55.064339	20.000000	
4.359378	0.000000	0.000000	0.000000	53.677998	52.060025	54.292234	20.000000	
4.337491	0.000000	0.000000	0.000000	51.802998	50.185025	53.501216	20.000000	
4.112143	0.000000	0.000000	0.000000	49.927998	48.310025	52.732996	20.000000	
4.463753	0.000000	0.000000	0.000000	48.052998	46.435025	52.199514	20.000000	
4.650134	0.000000	0.000000	0.000000	46.177998	44.560025	51.299771	20.000000	
4.445928	0.000000	0.000000	0.000000	44.302998	42.685025	50.205881	20.000000	
4.749421	0.000000	0.000000	0.000000	42.427998	40.810025	49.324706	20.000000	
4.590111	0.000000	0.000000	0.000000	40.552998	38.935025	48.127393	20.000000	
4.658706	0.000000	0.000000	0.000000	38.677998	37.060025	47.096027	20.000000	
4.919264	0.000000	0.000000	0.000000	36.802998	35.185025	45.993208	20.000000	
4.828284	0.000000	0.000000	0.000000	34.927998	33.310025	44.618975	20.000000	
5.020495	0.000000	0.000000	0.000000	33.052998	31.435025	43.339513	20.000000	
4.756687	0.000000	0.000000	0.000000	31.177998	29.560025	41.859830	20.000000	
5.087620	0.000000	0.000000	0.000000	29.302998	27.685025	40.654948	20.000000	
4.914684	0.000000	0.000000	0.000000	27.427998	25.810025	39.105344	20.000000	
4.823602	0.000000	0.000000	0.000000	25.552998	23.935025	37.735881	20.000000	
5.107253	0.000000	0.000000	0.000000	23.677998	22.060025	36.461296	20.000000	
4.845432	0.000000	0.000000	0.000000	21.802998	20.185025	34.891241	20.000000	
4.872243	0.000000	1.572243	0.000000	20.000000	20.000000	31.831939	20.000000	
4.896928	0.000000	1.596928	0.000000	20.000000	20.000000	28.394439	20.000000	
4.786814	0.000000	1.486814	0.000000	20.000000	20.000000	24.956939	20.000000	
4.777740	0.000000	3.319079	0.000000	20.000000	20.000000	21.519439	20.000000	
4.860585	0.000000	4.860585	0.000000	20.000000	20.000000	20.000000	20.000000	
4.728789	0.000000	4.728789	0.000000	20.000000	20.000000	20.000000	20.000000	
4.537176	0.000000	4.537176	0.000000	20.000000	20.000000	20.000000	20.000000	
4.571285	0.000000	4.571285	0.000000	20.000000	20.000000	20.000000	20.000000	
4.615462	0.000000	4.615462	0.000000	20.000000	20.000000	20.000000	20.000000	
4.429412	2.422948	2.006464	0.000000	20.000000	20.000000	20.000000	20.000000	
4.442271	2.422948	2.019323	0.000000	20.000000	20.000000	20.000000	20.000000	
4.517716	2.422948	2.094768	0.000000	20.000000	20.000000	20.000000	20.000000	
4.059702	2.422948	1.636754	0.000000	20.000000	20.000000	20.000000	20.000000	
3.749762	10.211710	0.000000	0.000000	20.000000	20.000000	20.000000	20.000000	
3.595327	10.211710	0.000000	0.000000	21.875000	21.875000	22.981196	20.000000	
3.818487	10.211710	0.000000	0.000000	23.589286	23.589286	25.972772	20.471918	
3.271938	10.211710	0.000000	0.000000	25.178990	25.178990	28.619775	21.305113	
3.738833	14.254160	0.000000	2.837390	26.668327	26.668327	31.021960	23.153183	
3.420754	14.254160	0.000000	3.756575	28.074490	28.074490	33.238132	26.122537	
3.553309	14.254160	0.000000	4.088077	29.410222	29.410222	35.306540	28.754364	
3.876166	14.254160	0.000000	4.140861	30.685289	30.685289	37.253771	31.145306	
4.175909	17.564950	0.000000	7.465646	31.907373	31.907373	39.099222	33.352701	
4.457681	17.564950	0.000000	7.451864	33.082650	33.082650	40.857569	35.414003	
4.195405	17.564950	0.000000	7.946989	34.216175	34.216175	42.540243	37.355326	
4.855817	17.564950	0.000000	7.491631	35.312147	35.312147	44.156360	39.195759	
4.652178	21.906950	0.000000	12.219831	36.374105	36.374105	45.713327	40.949776	
4.575349	21.906950	0.000000	12.460680	37.405058	37.405058	47.217265	42.628662	
4.757337	21.906950	0.000000	12.427190	38.407596	38.407596	48.673300	44.241426	
4.450732	21.906950	0.000000	12.869131	39.383966	39.383966	50.085779	45.795400	
4.523053	29.701520	0.000000	20.715430	40.336130	40.336130	51.458424	47.296642	
4.409340	29.701520	0.000000	20.943424	41.265817	41.265817	52.794454	48.750234	
4.550754	29.701520	0.000000	20.907761	42.174560	42.174560	54.096674	50.160483	
4.664351	29.701520	0.000000	20.892414	43.063722	43.063722	55.367547	51.531084	
4.822424	31.248860	0.000000	22.373289	43.934524	43.934524	56.609249	52.865230	
4.825854	31.248860	0.000000	22.455552	44.788067	44.788067	57.823715	54.165707	
4.780728	31.248860	0.000000	22.581073	45.625344	45.625344	59.012674	55.434960	
4.774496	31.248860	0.000000	22.662935	46.447255	46.447255	60.177678	56.675152	
4.672152	26.393900	0.000000	17.981640	47.254623	47.254623	61.320128	57.888206	
4.764662	26.393900	0.000000	17.956542	48.048196	48.048196	62.441293	59.075840	
4.661919	26.393900	0.000000	18.123135	48.828662	48.828662	63.542327	60.239598	
4.747529	26.393900	0.000000	18.098119	49.596654	49.596654	64.624283	61.380874	
4.611999	18.473420	0.000000	10.370777	50.352753	50.352753	65.688125	62.500930	
4.761244	18.473420	0.000000	10.276394	51.097499	51.097499	66.734737	63.600914	
4.998896	18.473420	0.000000	10.091071	51.831390	51.831390	67.764935	64.681873	
4.883851	18.473420	0.000000	10.256102	52.554890	52.554890	68.779472	65.744767	
4.647448	21.058010	0.000000	13.124910	53.268429	53.268429	69.779043	66.790478	
4.901381	21.058010	0.000000	12.916773	53.972411	53.972411	70.764296	67.819816	
4.979965	21.058010	0.000000	12.882108	54.667211	54.667211	71.735831	68.833532	
4.801469	21.058010	0.000000	13.102769	55.353179	55.353179	72.694209	69.832318	
4.762516	16.101360	0.000000	8.225598	56.030647	56.030647	73.639951	70.816819	
4.738556	16.101360	0.000000	8.288550	56.699924	56.699924	74.573548	71.787634	
4.714039	16.101360	0.000000	8.350620	57.361300	57.361300	75.495456	72.745320	
4.957750	16.101360	0.000000	8.143108	58.015051	58.015051	76.406107	73.690398	
4.790817	8.895055	0.000000	1.138663	58.661435	58.661435	77.305904	74.623355	
4.787736	8.895055	0.000000	1.175471	59.300697	59.300697	78.195228	75.544648	
4.741885	8.895055	0.000000	1.253917	59.933067	59.933067	79.074438	76.454706	
4.940096	8.895055	0.000000	1.087231	60.558765	60.558765	79.943872	77.353932	
5.270035	1.480434	0.000000	0.000000	61.177998	61.177998	80.803850	78.242703	
5.364656	1.480434	0.000000	0.000000	61.177998	61.177998	80.293849	74.805203	
5.032245	1.480434	0.000000	0.000000	61.177998	61.177998	79.685285	71.367703	
5.457032	1.480434	0.000000	0.000000	61.177998	61.177998	79.422982	67.930203	
5.060930	0.000000	0.000000	0.000000	61.177998	61.177998	78.718192	64.492703	
5.013492	0.000000	0.000000	0.000000	61.177998	61.177998	76.883890	61.055203	
4.910019	0.000000	0.000000	0.000000	61.177998	61.177998	75.099002	57.617703	
4.603747	0.000000	0.000000	0.000000	61.177998	61.177998	73.421899	54.180203	
4.418081	0.000000	0.000000	0.000000	61.177998	61.177998	72.063830	50.742703	
4.543238	0.000000	0.000000	0.000000	61.177998	61.177998	70.899162	47.305203	
4.399712	0.000000	0.000000	0.000000	61.177998	61.177998	69.604122	43.867703	
4.610972	0.000000	0.000000	0.000000	61.177998	61.177998	68.458589	40.430203	
4.849321	0.000000	0.000000	0.000000	61.177998	61.177998	67.092993	36.992703	
5.057273	0.000000	0.000000	0.000000	61.177998	61.177998	65.479117	33.555203	
5.021966	0.000000	0.000000	0.000000	61.177998	61.177998	63.648624	30.117703	
5.078378	0.000000	0.000000	0.000000	61.177998	61.177998	61.854910	26.680203	
4.973490	0.000000	0.000000	0.000000	61.177998	61.177998	60.002433	23.242703	
5.454994	0.000000	0.000000	0.000000	61.177998	61.177998	58.064417	20.000000	
5.338681	0.000000	0.000000	0.000000	59.302998	59.302998	56.132132	20.000000	
5.365861	0.000000	0.000000	0.000000	57.427998	57.427998	54.321006	20.000000	
5.645739	0.000000	0.000000	0.000000	55.552998	55.552998	52.481567	20.000000	
5.429742	0.000000	0.000000	0.000000	53.677998	53.677998	50.350589	20.000000	
5.383320	0.000000	0.000000	0.000000	51.802998	51.802998	48.444608	20.000000	
5.406326	0.000000	0.000000	0.000000	49.927998	49.927998	46.586983	20.000000	
5.414032	0.000000	0.000000	0.000000	48.052998	48.052998	44.705393	20.000000	
5.424872	0.000000	0.000000	0.000000	46.177998	46.177998	42.815777	20.000000	
5.560298	0.000000	0.000000	0.000000	44.302998	44.302998	40.914868	20.000000	
5.612953	0.000000	0.000000	0.000000	42.427998	42.427998	38.872891	20.000000	
5.606705	0.000000	0.000000	0.000000	40.552998	40.552998	36.776065	20.000000	
5.604626	0.000000	0.000000	0.000000	38.677998	38.677998	34.685748	20.000000	
5.726742	0.000000	0.000000	0.000000	36.802998	36.802998	32.597595	20.000000	
5.975990	0.000000	0.000000	0.000000	34.927998	34.927998	30.382239	20.000000	
5.874493	0.000000	0.000000	0.000000	33.052998	33.052998	27.907250	20.000000	
5.681105	0.000000	0.000000	0.000000	31.177998	31.177998	25.537986	20.000000	
6.079779	0.000000	0.000000	0.000000	29.302998	29.302998	23.370168	20.000000	
5.976256	0.000000	1.620673	0.000000	27.427998	27.427998	20.787065	20.000000	
6.129872	0.000000	2.529872	0.000000	25.552998	25.552998	20.000000	20.000000	
5.736498	0.000000	2.136498	0.000000	23.677998	23.677998	20.000000	20.000000	
6.127555	0.000000	2.665798	0.000000	21.802998	21.802998	20.000000	20.000000	
5.868838	0.000000	5.868838	0.000000	20.000000	20.000000	20.000000	20.000000	
6.186828	0.000000	6.186828	0.000000	20.000000	20.000000	20.000000	20.000000	
5.862678	0.000000	5.862678	0.000000	20.000000	20.000000	20.000000	20.000000	
6.136854	0.000000	6.136854	0.000000	20.000000	20.000000	20.000000	20.000000	
5.948776	0.000000	5.948776	0.000000	20.000000	20.000000	20.000000	20.000000	
5.962629	0.000000	5.962629	0.000000	20.000000	20.000000	20.000000	20.000000	
5.659209	0.000000	5.659209	0.000000	20.000000	20.000000	20.000000	20.000000	
5.977106	0.000000	5.977106	0.000000	20.000000	20.000000	20.000000	20.000000	
5.769328	0.000000	5.769328	0.000000	20.000000	20.000000	20.000000	20.000000	
5.232772	2.223135	3.009637	0.000000	20.000000	20.000000	20.000000	20.000000	
5.648113	2.223135	3.424978	0.000000	20.000000	20.000000	20.000000	20.000000	
5.421658	2.223135	3.198523	0.000000	20.000000	20.000000	20.000000	20.000000	
5.172847	2.223135	2.949712	0.000000	20.000000	20.000000	20.000000	20.000000	
4.649901	9.718940	0.000000	0.000000	20.000000	20.000000	20.000000	20.000000	
4.768117	9.718940	0.000000	0.000000	21.875000	21.875000	21.530249	20.000000	
4.635735	9.718940	0.000000	0.000000	23.589286	23.589286	23.258785	20.000000	
4.382060	9.718940	0.000000	0.000000	25.178990	25.178990	25.374380	20.000000	
4.575562	18.627710	0.000000	5.691375	26.668327	26.668327	27.954957	20.000000	
4.214133	18.627710	0.000000	6.862937	28.074490	28.074490	30.414270	23.437500	
4.202471	18.627710	0.000000	7.454435	29.410222	29.410222	32.674722	26.370833	
4.443410	18.627710	0.000000	7.662591	30.685289	30.685289	34.778795	28.977880	
4.522230	20.755420	0.000000	10.075775	31.907373	31.907373	36.755574	31.350380	
4.501741	20.755420	0.000000	10.401016	33.082650	33.082650	38.626039	33.543335	
4.805812	20.755420	0.000000	10.357615	34.216175	34.216175	40.405926	35.592923	
4.997593	20.755420	0.000000	10.392597	35.312147	35.312147	42.107409	37.524487	
4.864181	35.010500	0.000000	24.981004	36.374105	36.374105	43.740139	39.356624	
4.813612	35.010500	0.000000	25.209740	37.405058	37.405058	45.311922	41.103471	
4.861319	35.010500	0.000000	25.322256	38.407596	38.407596	46.829182	42.776079	
4.749662	35.010500	0.000000	25.579100	39.383966	39.383966	48.297284	44.383286	
5.297042	35.417920	0.000000	25.571567	40.336130	40.336130	49.720759	45.932292	
5.284855	35.417920	0.000000	25.705230	41.265817	41.265817	51.103482	47.429060	
5.194277	35.417920	0.000000	25.907798	42.174560	42.174560	52.448791	48.878594	
5.346064	35.417920	0.000000	25.859712	43.063722	43.063722	53.759594	50.285140	
5.365858	32.567200	0.000000	23.085604	43.934524	43.934524	55.038435	51.652343	
5.365803	32.567200	0.000000	23.175601	44.788067	44.788067	56.287562	52.983357	
5.151160	32.567200	0.000000	23.474426	45.625344	45.625344	57.508969	54.280934	
4.943805	32.567200	0.000000	23.760801	46.447255	46.447255	58.704434	55.547493	
4.913424	27.836730	0.000000	19.135084	47.254623	47.254623	59.875556	56.785173	
4.914841	27.836730	0.000000	19.203836	48.048196	48.048196	61.023770	57.995876	
4.867530	27.836730	0.000000	19.317499	48.828662	48.828662	62.150381	59.181305	
4.850736	27.836730	0.000000	19.397166	49.596654	49.596654	63.256568	60.342990	
4.952591	21.399710	0.000000	12.917982	50.352753	50.352753	64.343412	61.482310	
5.305719	21.399710	0.000000	12.621625	51.097499	51.097499	65.411898	62.600518	
4.970250	21.399710	0.000000	13.011179	51.831390	51.831390	66.462930	63.698752	
5.343924	21.399710	0.000000	12.689110	52.554890	52.554890	67.497341	64.778051	
5.257135	22.296600	0.000000	13.722100	53.268429	53.268429	68.515899	65.839367	
5.300913	22.296600	0.000000	13.725506	53.972411	53.972411	69.519316	66.883575	
5.097655	22.296600	0.000000	13.973971	54.667211	54.667211	70.508250	67.911481	
5.257083	22.296600	0.000000	13.857907	55.353179	55.353179	71.483313	68.923828	
5.284552	13.826920	0.000000	5.402404	56.030647	56.030647	72.445076	69.921306	
5.660890	13.826920	0.000000	5.066103	56.699924	56.699924	73.394071	70.904554	
5.363895	13.826920	0.000000	5.401629	57.361300	57.361300	74.330795	71.874167	
5.564094	13.826920	0.000000	5.238548	58.015051	58.015051	75.255715	72.830700	
5.282484	9.027039	0.000000	0.756066	58.661435	58.661435	76.169266	73.774670	
5.383063	9.027039	0.000000	0.690025	59.300697	59.300697	77.071861	74.706562	
5.679759	9.027039	0.000000	0.426688	59.933067	59.933067	77.963886	75.626829	
5.521284	9.027039	0.000000	0.617409	60.558765	60.558765	78.845705	76.535898	
5.886342	1.493826	0.000000	0.000000	61.177998	61.177998	79.717661	77.434169	
5.882208	1.493826	0.000000	0.000000	61.177998	61.177998	78.579623	73.996669	
5.594421	1.493826	0.000000	0.000000	61.177998	61.177998	77.445892	70.559169	
6.110339	1.493826	0.000000	0.000000	61.177998	61.177998	76.611939	67.121669	
5.506057	0.000000	0.000000	0.000000	61.177998	61.177998	75.240571	63.684169	
5.507288	0.000000	0.000000	0.000000	61.177998	61.177998	72.942595	60.246669	
5.866567	0.000000	0.000000	0.000000	61.177998	61.177998	70.643337	56.809169	
5.064122	0.000000	0.000000	0.000000	61.177998	61.177998	67.969830	53.371669	
5.001210	0.000000	0.000000	0.000000	61.177998	61.177998	66.132202	49.934169	
5.080289	0.000000	0.000000	0.000000	61.177998	61.177998	64.360109	46.496669	
5.168098	0.000000	0.000000	0.000000	61.177998	61.177998	62.505641	43.059169	
5.023894	0.000000	0.000000	0.000000	61.177998	61.177998	60.559706	39.621669	
5.163224	0.000000	0.000000	0.000000	61.177998	61.177998	58.763983	36.184169	
5.269370	0.000000	0.000000	0.000000	61.177998	61.177998	56.823124	32.746669	
5.327514	0.000000	0.000000	0.000000	61.177998	61.177998	54.771697	29.309169	
5.546597	0.000000	0.000000	0.000000	61.177998	61.177998	52.659704	25.871669	
5.939549	0.000000	0.000000	0.000000	61.177998	61.177998	50.319498	22.434169	
5.634258	0.000000	0.000000	0.000000	61.177998	60.862637	46.881998	20.000000	
5.848560	0.000000	0.000000	0.000000	59.302998	58.987637	44.762980	20.000000	
5.798011	0.000000	0.000000	0.000000	57.427998	57.112637	42.420730	20.000000	
5.967669	0.000000	0.000000	0.000000	55.552998	55.237637	40.131135	20.000000	
5.523105	0.000000	0.000000	0.000000	53.677998	53.362637	37.664813	20.000000	
5.809637	0.000000	0.000000	0.000000	51.802998	51.487637	35.661579	20.000000	
5.656950	0.000000	0.000000	0.000000	49.927998	49.612637	33.359873	20.000000	
5.432729	0.000000	0.000000	0.000000	48.052998	47.737637	31.217217	20.000000	
5.623989	0.000000	0.000000	0.000000	46.177998	45.862637	29.308124	20.000000	
5.538385	0.000000	0.000000	0.000000	44.302998	43.987637	27.199802	20.000000	
5.769958	0.000000	0.000000	0.000000	42.427998	42.112637	25.180651	20.000000	
5.501761	0.000000	0.000000	0.000000	40.552998	40.237637	22.920279	20.000000	
5.762160	0.000000	1.260454	0.000000	38.677998	38.362637	20.939277	20.000000	
5.695708	0.000000	2.095708	0.000000	36.802998	36.487637	20.000000	20.000000	
5.659382	0.000000	2.059382	0.000000	34.927998	34.612637	20.000000	20.000000	
5.887182	0.000000	2.287182	0.000000	33.052998	32.737637	20.000000	20.000000	
5.526446	0.000000	1.926446	0.000000	31.177998	30.862637	20.000000	20.000000	
5.357503	0.000000	1.757503	0.000000	29.302998	28.987637	20.000000	20.000000	
5.583081	0.000000	1.983081	0.000000	27.427998	27.112637	20.000000	20.000000	
5.457199	0.000000	1.857199	0.000000	25.552998	25.237637	20.000000	20.000000	
5.349073	0.000000	1.749073	0.000000	23.677998	23.362637	20.000000	20.000000	
5.182053	0.000000	2.023043	0.000000	21.802998	21.487637	20.000000	20.000000	
5.241353	0.000000	5.241353	0.000000	20.000000	20.000000	20.000000	20.000000	
5.328478	0.000000	5.328478	0.000000	20.000000	20.000000	20.000000	20.000000	
5.130389	0.000000	5.130389	0.000000	20.000000	20.000000	20.000000	20.000000	
5.441311	0.000000	5.441311	0.000000	20.000000	20.000000	20.000000	20.000000	
5.223316	0.000000	5.223316	0.000000	20.000000	20.000000	20.000000	20.000000	
4.982227	0.000000	4.982227	0.000000	20.000000	20.000000	20.000000	20.000000	
5.212507	0.000000	5.212507	0.000000	20.000000	20.000000	20.000000	20.000000	
5.390852	0.000000	5.390852	0.000000	20.000000	20.000000	20.000000	20.000000	
5.070015	0.000000	5.070015	0.000000	20.000000	20.000000	20.000000	20.000000	
5.066557	2.883056	2.183501	0.000000	20.000000	20.000000	20.000000	20.000000	
4.771322	2.883056	1.888266	0.000000	20.000000	20.000000	20.000000	20.000000	
4.969411	2.883056	2.086355	0.000000	20.000000	20.000000	20.000000	20.000000	
4.812712	2.883056	1.929656	0.000000	20.000000	20.000000	20.000000	20.000000	
4.496532	10.615170	0.000000	0.000000	20.000000	20.000000	20.000000	20.000000	
4.582997	10.615170	0.000000	0.000000	21.875000	21.875000	22.623581	20.000000	
4.401111	10.615170	0.000000	0.000000	23.589286	23.589286	25.478523	20.000000	
4.294419	10.615170	0.000000	0.000000	25.178990	25.178990	28.176874	20.595218	
4.206404	18.260730	0.000000	6.165828	26.668327	26.668327	30.616819	21.760715	
4.533204	18.260730	0.000000	6.506074	28.074490	28.074490	32.862316	24.920078	
4.335931	18.260730	0.000000	7.204007	29.410222	29.410222	34.954378	27.678898	
4.348869	18.260730	0.000000	7.589740	30.685289	30.685289	36.921228	30.162740	
4.735942	28.274350	0.000000	17.545716	31.907373	31.907373	38.783300	32.442042	
4.571254	28.274350	0.000000	17.989692	33.082650	33.082650	40.555970	34.561206	
4.742666	28.274350	0.000000	18.059604	34.216175	34.216175	42.251159	36.550430	
5.068480	28.274350	0.000000	17.945406	35.312147	35.312147	43.878333	38.431393	
5.011878	30.802750	0.000000	20.718180	36.374105	36.374105	45.445165	40.220295	
5.135584	30.802750	0.000000	20.762715	37.405058	37.405058	46.957978	41.929631	
4.882039	30.802750	0.000000	21.168238	38.407596	38.407596	48.422053	43.569283	
4.816090	30.802750	0.000000	21.372433	39.383966	39.383966	49.841860	45.147230	
4.704053	27.168970	0.000000	17.977204	40.336130	40.336130	51.221223	46.670025	
4.919637	27.168970	0.000000	17.878010	41.265817	41.265817	52.563440	48.143133	
5.038598	27.168970	0.000000	17.866622	42.174560	42.174560	53.871383	49.571167	
4.987267	27.168970	0.000000	18.017790	43.063722	43.063722	55.147571	50.958062	
5.028098	34.743770	0.000000	25.644761	43.934524	43.934524	56.394226	52.307210	
4.773180	34.743770	0.000000	25.986602	44.788067	44.788067	57.613322	53.621561	
4.815001	34.743770	0.000000	26.026271	45.625344	45.625344	58.806623	54.903694	
4.605188	34.743770	0.000000	26.312691	46.447255	46.447255	59.975709	56.155887	
4.441026	34.082990	0.000000	25.888273	47.254623	47.254623	61.122006	57.380157	
4.670281	34.082990	0.000000	25.727221	48.048196	48.048196	62.246806	58.578307	
4.664715	34.082990	0.000000	25.797355	48.828662	48.828662	63.351280	59.751949	
4.713127	34.082990	0.000000	25.810189	49.596654	49.596654	64.436499	60.902539	
4.632545	25.415250	0.000000	17.281235	50.352753	50.352753	65.503441	62.031392	
4.650205	25.415250	0.000000	17.318982	51.097499	51.097499	66.553004	63.139702	
4.647058	25.415250	0.000000	17.374959	51.831390	51.831390	67.586015	64.228557	
4.848461	25.415250	0.000000	17.224003	52.554890	52.554890	68.603237	65.298954	
4.876909	18.938050	0.000000	10.766596	53.268429	53.268429	69.605377	66.351803	
4.941111	18.938050	0.000000	10.748585	53.972411	53.972411	70.593088	67.387947	
4.764153	18.938050	0.000000	10.969827	54.667211	54.667211	71.566979	68.408159	
5.151941	18.938050	0.000000	10.624544	55.353179	55.353179	72.527618	69.413156	
5.041735	17.028850	0.000000	8.866394	56.030647	56.030647	73.475533	70.403603	
5.414809	17.028850	0.000000	8.532608	56.699924	56.699924	74.411218	71.380115	
5.177623	17.028850	0.000000	8.807623	57.361300	57.361300	75.335138	72.343268	
5.350090	17.028850	0.000000	8.671615	58.015051	58.015051	76.247727	73.293599	
5.533835	8.269752	0.000000	0.000000	58.661435	58.661435	77.149393	74.231607	
5.169254	8.269752	0.000000	0.159597	59.300697	59.300697	78.040521	74.911869	
5.043789	8.269752	0.000000	0.317976	59.933067	59.933067	78.921474	75.829614	
5.194366	8.269752	0.000000	0.199225	60.558765	60.558765	79.792593	76.736252	
5.293076	1.588257	0.000000	0.000000	61.177998	61.177998	80.654202	77.632178	
5.469497	1.588257	0.000000	0.000000	61.177998	61.177998	80.232515	74.194678	
5.334936	1.588257	0.000000	0.000000	61.177998	61.177998	79.627057	70.757178	
5.726041	1.588257	0.000000	0.000000	61.177998	61.177998	79.161766	67.319678	
5.734069	0.000000	0.000000	0.000000	61.177998	61.177998	78.289075	63.882178	
5.514879	0.000000	0.000000	0.000000	61.177998	61.177998	75.753586	60.444678	
5.632145	0.000000	0.000000	0.000000	61.177998	61.177998	73.446420	57.007178	
5.241189	0.000000	0.000000	0.000000	61.177998	61.177998	71.017103	53.569678	
4.755410	0.000000	0.000000	0.000000	61.177998	61.177998	68.995031	50.132178	
4.663857	0.000000	0.000000	0.000000	61.177998	61.177998	67.478979	46.694678	
4.814457	0.000000	0.000000	0.000000	61.177998	61.177998	66.058294	43.257178	
4.198049	0.000000	0.000000	0.000000	61.177998	61.177998	64.480735	39.819678	
4.193034	0.000000	0.000000	0.000000	61.177998	61.177998	63.545267	36.382178	
4.271851	0.000000	0.000000	0.000000	61.177998	61.177998	62.615024	32.944678	
4.259320	0.000000	0.000000	0.000000	61.177998	61.177998	61.602679	29.507178	
4.610159	0.000000	0.000000	0.000000	61.177998	61.177998	60.603387	26.069678	
4.807190	0.000000	0.000000	0.000000	61.177998	61.177998	59.238638	22.632178	
4.933099	0.000000	0.000000	0.000000	61.177998	61.177998	56.863327	20.000000	
4.728759	0.000000	0.000000	0.000000	59.302998	59.302998	55.474682	20.000000	
4.825674	0.000000	0.000000	0.000000	57.427998	57.427998	54.298891	20.000000	
4.954357	0.000000	0.000000	0.000000	55.552998	55.552998	53.022148	20.000000	
4.780156	0.000000	0.000000	0.000000	53.677998	53.677998	51.611359	20.000000	
4.952003	0.000000	0.000000	0.000000	51.802998	51.802998	50.382030	20.000000	
4.761863	0.000000	0.000000	0.000000	49.927998	49.927998	48.973693	20.000000	
4.750145	0.000000	0.000000	0.000000	48.052998	48.052998	47.763419	20.000000	
4.650043	0.000000	0.000000	0.000000	46.177998	46.177998	46.565352	20.000000	
5.016060	0.000000	0.000000	0.000000	44.302998	44.302998	45.471557	20.000000	
4.881295	0.000000	0.000000	0.000000	42.427998	42.427998	43.996494	20.000000	
5.093323	0.000000	0.000000	0.000000	40.552998	40.552998	42.661812	20.000000	
5.081735	0.000000	0.000000	0.000000	38.677998	38.677998	41.106267	20.000000	
4.829892	0.000000	0.000000	0.000000	36.802998	36.802998	39.562793	20.000000	
4.897582	0.000000	0.000000	0.000000	34.927998	34.927998	38.281656	20.000000	
5.145156	0.000000	0.000000	0.000000	33.052998	33.052998	36.930008	20.000000	
4.940629	0.000000	0.000000	0.000000	31.177998	31.177998	35.320470	20.000000	
4.813129	0.000000	0.000000	0.000000	29.302998	29.302998	33.923982	20.000000	
5.019835	0.000000	0.000000	0.000000	27.427998	27.427998	32.660306	20.000000	
5.140863	0.000000	0.000000	0.000000	25.552998	25.552998	31.181311	20.000000	
4.895965	0.000000	0.000000	0.000000	23.677998	23.677998	29.576245	20.000000	
4.750221	0.000000	0.000000	0.000000	21.802998	21.802998	28.226282	20.000000	
4.910045	0.000000	1.610045	0.000000	20.000000	20.000000	26.884132	20.000000	