Battery1	Battery2	Battery3	Battery4	
12.000000	4.800000	6.000000	8.000000	
11.550000	4.800000	5.175000	7.175000	
11.100000	4.800000	4.800000	6.350000	
10.650000	4.800000	4.800000	5.525000	
10.200000	4.800000	4.800000	4.800000	
9.750000	4.800000	4.800000	4.800000	
9.300000	4.800000	4.800000	4.800000	
8.850000	4.800000	4.800000	4.800000	
8.400000	4.800000	4.800000	4.800000	
7.950000	4.800000	4.800000	4.800000	
7.500000	4.800000	4.800000	4.800000	
7.050000	4.800000	4.800000	4.800000	
6.600000	4.800000	4.800000	4.800000	
6.150000	4.800000	4.800000	4.800000	
5.700000	4.800000	4.800000	4.800000	
5.250000	4.800000	4.800000	4.800000	
4.800000	4.800000	4.800000	4.800000	
4.800000	4.800000	4.800000	4.800000	
4.800000	4.800000	4.800000	4.800000	
4.800000	4.800000	4.800000	4.800000	
4.800000	4.800000	4.800000	4.800000	
4.800000	4.800000	4.800000	4.800000	
4.800000	4.800000	4.800000	4.800000	
4.800000	4.800000	4.800000	4.800000	
4.800000	4.800000	4.800000	4.800000	
4.800000	4.800000	4.800000	4.800000	
4.800000	4.800000	4.800000	4.800000	
4.800000	4.800000	4.800000	4.800000	
4.800000	4.800000	4.800000	4.800000	
4.800000	4.800000	4.800000	4.800000	
4.800000	4.800000	4.800000	4.800000	
4.800000	4.800000	4.800000	4.800000	
4.800000	4.800000	4.800000	4.800000	
4.800000	4.800000	4.800000	4.800000	
4.800000	4.800000	4.800000	4.800000	
4.800000	4.800000	4.800000	4.800000	
4.800000	4.800000	4.800000	4.800000	
4.800000	4.800000	4.800000	4.800000	
4.800000	4.800000	4.800000	4.800000	
4.800000	4.800000	4.800000	4.800000	
4.800000	4.800000	4.800000	4.800000	
4.800000	4.800000	4.800000	4.800000	
4.800000	4.800000	4.800000	4.800000	
4.800000	4.800000	4.800000	4.800000	
4.800000	4.800000	4.800000	4.800000	
4.800000	4.800000	4.800000	4.800000	
4.800000	4.800000	4.800000	4.800000	
4.800000	4.800000	4.800000	4.800000	
4.800000	4.800000	4.800000	4.800000	
4.800000	4.800000	4.800000	4.800000	
4.800000	4.800000	4.800000	4.800000	
4.800000	4.800000	4.800000	4.800000	
4.800000	4.800000	4.800000	4.800000	
4.800000	4.800000	4.800000	4.800000	
4.800000	4.800000	4.800000	4.800000	
4.800000	4.800000	4.800000	4.800000	
4.800000	4.800000	4.800000	4.800000	
4.800000	4.800000	4.800000	4.800000	
4.800000	4.800000	4.800000	4.800000	
4.800000	4.800000	4.800000	4.800000	
4.800000	4.800000	4.800000	4.800000	
4.800000	4.800000	4.800000	4.800000	
4.800000	4.800000	4.800000	4.800000	
4.800000	4.800000	4.800000	4.800000	
4.800000	4.800000	4.800000	4.800000	
4.941895	4.800000	4.800000	4.800000	
5.391895	4.886025	4.800000	4.800000	
5.841895	4.996893	4.800000	4.800000	
6.291895	5.074723	4.800000	4.800000	
6.741895	5.524723	5.061637	4.800000	
6.943185	5.524723	5.061637	4.800000	
7.169845	5.524723	5.061637	4.800000	
7.277143	5.524723	5.061637	4.800000	
7.277143	5.524723	5.061637	4.800000	
6.827142	5.074723	4.952486	4.800000	
6.377142	4.800000	4.800000	4.800000	
5.927142	4.800000	4.800000	4.800000	
5.477142	4.800000	4.800000	4.800000	
5.027142	4.800000	4.800000	4.800000	
4.800000	4.800000	4.800000	4.800000	
4.800000	4.800000	4.800000	4.800000	
4.800000	4.800000	4.800000	4.800000	
4.800000	4.800000	4.800000	4.800000	
4.800000	4.800000	4.800000	4.800000	
4.800000	4.800000	4.800000	4.800000	
4.800000	4.800000	4.800000	4.800000	
4.800000	4.800000	4.800000	4.800000	
4.800000	4.800000	4.800000	4.800000	
4.800000	4.800000	4.800000	4.800000	
4.800000	4.800000	4.800000	4.800000	
4.800000	4.800000	4.800000	4.800000	
4.800000	4.800000	4.800000	4.800000	
4.800000	4.800000	4.800000	4.800000	
4.800000	4.800000	4.800000	4.800000	
4.800000	4.800000	4.800000	4.800000	
4.800000	4.800000	4.800000	4.800000	
4.800000	4.800000	4.800000	4.800000	
4.800000	4.800000	4.800000	4.800000	
4.800000	4.800000	4.800000	4.800000	
4.800000	4.800000	4.800000	4.800000	
4.800000	4.800000	4.800000	4.800000	
4.800000	4.800000	4.800000	4.800000	
4.800000	4.800000	4.800000	4.800000	
4.800000	4.800000	4.800000	4.800000	
4.800000	4.800000	4.800000	4.800000	
4.800000	4.800000	4.800000	4.800000	
4.800000	4.800000	4.800000	4.800000	
4.800000	4.800000	4.800000	4.800000	
4.800000	4.800000	4.800000	4.800000	
4.800000	4.800000	4.800000	4.800000	
4.800000	4.800000	4.800000	4.800000	
4.800000	4.800000	4.800000	4.800000	
4.800000	4.800000	4.800000	4.800000	
4.800000	4.800000	4.800000	4.800000	
4.800000	4.800000	4.800000	4.800000	
4.800000	4.800000	4.800000	4.800000	
4.800000	4.800000	4.800000	4.800000	
4.800000	4.800000	4.800000	4.800000	
4.800000	4.800000	4.800000	4.800000	
4.800000	4.800000	4.800000	4.800000	
4.800000	4.800000	4.800000	4.800000	
4.800000	4.800000	4.800000	4.800000	
4.800000	4.800000	4.800000	4.800000	
4.800000	4.800000	4.800000	4.800000	
4.800000	4.800000	4.800000	4.800000	
4.800000	4.800000	4.800000	4.800000	
4.800000	4.800000	4.800000	4.800000	
4.800000	4.800000	4.800000	4.800000	
4.800000	4.800000	4.800000	4.800000	
4.800000	4.800000	4.800000	4.800000	
4.800000	4.800000	4.800000	4.800000	
4.800000	4.800000	4.800000	4.800000	
4.800000	4.800000	4.800000	4.800000	
4.800000	4.800000	4.800000	4.800000	
4.800000	4.800000	4.800000	4.800000	
4.800000	4.800000	4.800000	4.800000	
4.800000	4.800000	4.800000	4.800000	
4.800000	4.800000	4.800000	4.800000	
4.800000	4.800000	4.800000	4.800000	
4.800000	4.800000	4.800000	4.800000	
4.800000	4.800000	4.800000	4.800000	
4.800000	4.800000	4.800000	4.800000	
4.800000	4.800000	4.800000	4.800000	
4.800000	4.800000	4.800000	4.800000	
4.800000	4.800000	4.800000	4.800000	
4.800000	4.800000	4.800000	4.800000	
4.800000	4.800000	4.800000	4.800000	
4.800000	4.800000	4.800000	4.800000	
4.800000	4.800000	4.800000	4.800000	
4.800000	4.800000	4.800000	4.800000	
4.800000	4.800000	4.800000	4.800000	
4.800000	4.800000	4.800000	4.800000	
4.800000	4.800000	4.800000	4.800000	
4.800000	4.800000	4.800000	4.800000	
4.865499	4.800000	4.800000	4.800000	
4.909326	4.800000	4.800000	4.800000	
4.909326	4.800000	4.800000	4.800000	
4.909326	5.151521	4.800000	4.800000	
4.909326	5.601521	5.076275	4.800000	
4.909326	6.051521	5.299712	4.800000	
4.909326	6.501521	5.603420	4.800000	
4.909326	6.951521	6.225440	4.800000	
4.909326	7.401521	7.050440	4.841225	
4.909326	7.851521	7.875440	5.009555	
4.909326	8.301521	8.700440	5.111960	
4.909326	8.751520	9.525440	5.611307	
4.909326	9.201520	10.350440	6.291297	
4.909326	9.651520	11.175440	7.115029	
4.909326	10.101520	12.000440	7.675509	
4.954091	10.551520	12.825440	8.500509	
5.017675	11.001520	13.650440	9.325509	
5.044147	11.451520	14.475440	10.150509	
5.044147	11.901520	15.300440	10.916016	
5.239605	12.351520	16.125440	11.741016	
5.473990	12.801520	16.950440	12.566016	
5.473990	13.251520	17.775440	13.371124	
5.473990	13.701520	18.600440	14.157512	
5.501143	14.151520	19.425440	14.982512	
5.501143	14.601520	20.250440	15.715081	
5.501143	15.051520	21.075440	16.441974	
5.501143	15.501520	21.900440	16.918539	
5.501143	15.951520	22.725440	17.414274	
5.501143	16.401520	23.550440	17.511018	
5.635271	16.851520	24.000000	18.336018	
5.635271	17.301520	24.000000	18.336018	
5.635271	17.751520	24.000000	18.336018	
5.635271	18.109088	24.000000	18.336018	
5.635271	18.559088	24.000000	18.336018	
5.635271	18.938343	24.000000	18.336018	
5.596675	18.938343	24.000000	18.336018	
5.180346	18.938343	24.000000	18.336018	
4.800000	18.938343	24.000000	18.280414	
4.800000	18.938343	23.235387	18.280414	
4.800000	18.812655	22.410387	18.280414	
4.800000	18.362655	21.585387	18.246543	
4.800000	17.912655	20.760387	18.242327	
4.800000	17.462655	19.935387	18.240896	
4.800000	17.012655	19.110387	18.180460	
4.800000	16.562655	18.285387	18.150754	
4.800000	16.204928	17.460387	18.150754	
4.800000	15.816610	16.635387	18.150754	
4.800000	15.490674	15.810387	18.150754	
4.800000	15.143664	14.985387	18.150754	
4.800000	14.854261	14.160387	18.150754	
4.800000	14.527666	13.335387	18.150754	
4.800000	14.225731	12.510387	18.150754	
4.800000	13.857851	11.685387	18.150754	
4.800000	13.519853	10.860387	18.150754	
4.800000	13.225795	10.035387	18.150754	
4.800000	12.898256	9.210387	18.150754	
4.800000	12.515674	8.385387	18.150754	
4.800000	12.224148	7.560387	18.150754	
4.800000	11.923769	6.735387	18.150754	
4.800000	11.587366	5.910387	18.150754	
4.800000	11.213898	5.085387	18.150754	
4.800000	10.763898	4.800000	17.778487	
4.800000	10.465192	4.800000	16.953487	
4.800000	10.162383	4.800000	16.128487	
4.800000	9.733005	4.800000	15.303487	
4.800000	9.365786	4.800000	14.478487	
4.800000	9.034886	4.800000	13.653487	
4.800000	8.584886	4.800000	12.828487	
4.800000	8.134886	4.800000	12.003487	
4.800000	7.684886	4.800000	11.178487	
4.800000	7.269769	4.800000	10.353487	
4.800000	6.819769	4.800000	9.528487	
4.800000	6.373248	4.800000	8.703487	
4.800000	5.923248	4.800000	7.878487	
4.800000	5.473248	4.800000	7.053487	
4.800000	5.023248	4.800000	6.228487	
4.800000	4.800000	4.800000	5.403487	
4.800000	4.800000	4.800000	4.800000	
4.800000	4.800000	4.800000	4.800000	
4.800000	4.800000	4.800000	4.800000	
4.800000	4.800000	4.800000	4.800000	
4.800000	4.800000	4.800000	4.800000	
4.800000	4.800000	4.800000	4.800000	
4.800000	4.800000	4.800000	4.800000	
4.800000	4.800000	4.800000	4.800000	
4.800000	4.800000	4.800000	4.800000	
4.800000	4.800000	4.800000	4.800000	
4.800000	4.800000	4.800000	4.800000	
4.800000	4.800000	4.800000	4.800000	
4.800000	4.800000	4.800000	4.800000	
4.800000	4.800000	4.800000	4.800000	
4.800000	4.800000	4.800000	4.800000	
4.800000	4.800000	4.800000	4.800000	
4.800000	4.800000	4.800000	4.800000	
4.800000	4.800000	4.800000	4.800000	
4.800000	4.800000	4.800000	4.800000	
5.070773	4.800000	4.800000	4.800000	
5.420471	4.800000	4.800000	4.800000	
5.662507	4.800000	4.800000	4.800000	
6.112507	5.151560	4.800000	4.800000	
6.562507	5.601560	4.964960	4.800000	
7.012507	6.051560	5.080669	4.800000	
7.462507	6.501560	5.127506	4.800000	
7.912507	6.951560	5.693483	4.800000	
8.362507	7.401560	6.518483	4.800835	
8.812507	7.851560	7.343483	4.833821	
9.262507	8.301560	8.168483	4.955751	
9.712507	8.751560	8.993483	5.514215	
10.162507	9.201560	9.818483	6.339215	
10.612507	9.651560	10.643483	7.112400	
11.062507	10.101560	11.468483	7.813754	
11.512507	10.551560	12.293483	8.638754	
11.962507	11.001560	13.118483	9.463754	
12.412507	11.451560	13.943483	10.288754	
12.862507	11.901560	14.768483	11.113754	
13.312507	12.351560	15.593483	11.938754	
13.762507	12.801560	16.418483	12.763754	
14.212507	13.251560	17.243483	13.588754	
14.662507	13.701560	18.068483	14.304117	
15.112507	14.151560	18.893483	15.129117	
15.562507	14.601560	19.718483	15.529270	
16.012507	15.051560	20.543483	16.017139	
16.462507	15.501560	21.368483	16.663452	
16.912507	15.951560	22.193483	16.960887	
17.362507	16.401560	22.989125	16.960887	
17.812507	16.851560	23.790700	16.960887	
18.262507	17.301560	24.000000	17.627957	
18.712507	17.751560	24.000000	17.627957	
19.162507	18.038037	24.000000	17.627957	
19.612507	18.287523	24.000000	17.627957	
19.676371	18.287523	24.000000	17.627957	
19.676371	18.287523	24.000000	17.385031	
19.676371	18.287523	24.000000	17.125325	
19.676371	18.287523	24.000000	16.371044	
19.676371	18.287523	23.760489	15.546044	
19.676371	18.287523	23.254670	14.721044	
19.676371	18.287523	22.607223	13.896044	
19.676371	18.287523	21.909213	13.071044	
19.676371	18.287523	21.251840	12.246044	
19.676371	18.287523	20.491610	11.421044	
19.676371	18.287523	19.799018	10.596044	
19.676371	18.287523	19.132601	9.771044	
19.676371	18.287523	18.515423	8.946044	
19.676371	18.287523	18.030126	8.121044	
19.676371	18.287523	17.576664	7.296044	
19.676371	18.287523	17.132002	6.471044	
19.676371	18.287523	16.676574	5.646044	
19.676371	18.287523	16.176780	4.821044	
19.580816	17.837523	15.351780	4.800000	
19.130816	17.387523	14.851629	4.800000	
18.680816	16.937523	14.411944	4.800000	
18.230816	16.487523	13.844257	4.800000	
17.780816	16.037523	13.296154	4.800000	
17.330816	15.587523	12.691428	4.800000	
16.880816	15.137523	12.193576	4.800000	
16.430816	14.687523	11.662080	4.800000	
15.980816	14.237523	11.197783	4.800000	
15.530816	13.787523	10.676604	4.800000	
15.080816	13.337523	10.200126	4.800000	
14.630816	12.887523	9.676937	4.800000	
14.180816	12.437523	9.126102	4.800000	
13.730816	11.987523	8.554750	4.800000	
13.280816	11.537523	8.020132	4.800000	
12.830816	11.087523	7.482861	4.800000	
12.380816	10.637523	6.940172	4.800000	
11.930816	10.187523	6.371105	4.800000	
11.480816	9.737523	5.762573	4.800000	
11.030816	9.287523	5.143250	4.800000	
10.580816	8.837523	4.800000	4.800000	
10.130816	8.387523	4.800000	4.800000	
9.680816	7.937523	4.800000	4.800000	
9.230816	7.487523	4.800000	4.800000	
8.780816	7.037523	4.800000	4.800000	
8.330816	6.587523	4.800000	4.800000	
7.880816	6.137523	4.800000	4.800000	
7.430816	5.687523	4.800000	4.800000	
6.980816	5.237523	4.800000	4.800000	
6.530816	4.800000	4.800000	4.800000	
6.080816	4.800000	4.800000	4.800000	
5.630816	4.800000	4.800000	4.800000	
5.180816	4.800000	4.800000	4.800000	
4.800000	4.800000	4.800000	4.800000	
4.800000	4.800000	4.800000	4.800000	
4.800000	4.800000	4.800000	4.800000	
4.800000	4.800000	4.800000	4.800000	
4.800000	4.800000	4.800000	4.800000	
4.800000	4.800000	4.800000	4.800000	
4.800000	4.800000	4.800000	4.800000	
4.800000	4.800000	4.800000	4.800000	
4.800000	4.800000	4.800000	4.800000	
4.800000	4.800000	4.800000	4.800000	
4.800000	4.800000	4.800000	4.800000	
4.800000	4.800000	4.800000	4.800000	
4.800000	4.800000	4.800000	4.800000	
4.800000	4.800000	4.800000	4.800000	
4.800000	4.800000	4.800000	4.800000	
4.800000	4.800000	4.800000	4.800000	
4.800000	4.800000	4.800000	4.800000	
4.800000	4.800000	4.800000	4.800000	
4.800000	4.800000	4.800000	4.800000	
5.122100	4.800000	4.800000	4.800000	
5.380537	4.800000	4.800000	4.800000	
5.390887	4.800000	4.800000	4.800000	
5.840888	4.859260	4.800000	4.800000	
6.090845	4.859260	4.800000	4.800000	
6.540845	4.988035	4.800000	4.800000	
6.990845	5.152208	4.800000	4.800000	
7.440845	5.428890	4.800000	4.800000	
7.890845	5.539128	4.800000	4.800000	
8.314390	5.539128	4.800000	4.800000	
8.764390	5.817570	4.800000	4.800000	
9.214390	6.038860	4.800000	4.800000	
9.664390	6.355762	4.800000	4.800000	
10.114390	6.401440	4.800000	4.800000	
10.564390	6.703588	4.800000	4.800000	
11.014390	6.904285	4.800000	4.800000	
11.464390	7.041463	4.800000	4.800000	
11.847270	7.041463	4.800000	4.800000	
12.297270	7.175850	4.800000	4.800000	
12.413907	7.175850	4.800000	4.800000	
12.413907	7.175850	4.800000	4.800000	
12.309027	7.175850	4.800000	4.800000	
11.859027	6.876079	4.800000	4.800000	
11.448535	6.876079	4.800000	4.800000	
10.998535	6.603570	4.800000	4.800000	
10.548535	6.236002	4.800000	4.800000	
10.098535	5.786002	4.800000	4.800000	
9.648535	5.336002	4.800000	4.800000	
9.198535	4.886002	4.800000	4.800000	
8.748535	4.800000	4.800000	4.800000	
8.298535	4.800000	4.800000	4.800000	
7.848535	4.800000	4.800000	4.800000	
7.398535	4.800000	4.800000	4.800000	
6.948535	4.800000	4.800000	4.800000	
6.498535	4.800000	4.800000	4.800000	
6.048535	4.800000	4.800000	4.800000	
5.598535	4.800000	4.800000	4.800000	
5.148535	4.800000	4.800000	4.800000	
4.800000	4.800000	4.800000	4.800000	
4.800000	4.800000	4.800000	4.800000	
4.800000	4.800000	4.800000	4.800000	
4.800000	4.800000	4.800000	4.800000	
4.800000	4.800000	4.800000	4.800000	
4.800000	4.800000	4.800000	4.800000	
4.800000	4.800000	4.800000	4.800000	
4.800000	4.800000	4.800000	4.800000	
4.800000	4.800000	4.800000	4.800000	
4.800000	4.800000	4.800000	4.800000	
4.800000	4.800000	4.800000	4.800000	
4.800000	4.800000	4.800000	4.800000	
4.800000	4.800000	4.800000	4.800000	
4.800000	4.800000	4.800000	4.800000	
4.800000	4.800000	4.800000	4.800000	
4.800000	4.800000	4.800000	4.800000	
4.800000	4.800000	4.800000	4.800000	
4.800000	4.800000	4.800000	4.800000	
4.800000	4.800000	4.800000	4.800000	
4.800000	4.800000	4.800000	4.800000	
4.800000	4.800000	4.800000	4.800000	
4.800000	4.800000	4.800000	4.800000	
4.800000	4.800000	4.800000	4.800000	
4.800000	4.800000	4.800000	4.800000	
4.800000	4.800000	4.800000	4.800000	
4.800000	4.800000	4.800000	4.800000	
4.800000	4.800000	4.800000	4.800000	
4.800000	4.800000	4.800000	4.800000	
4.800000	4.800000	4.800000	4.800000	
4.800000	4.800000	4.800000	4.800000	
4.800000	4.800000	4.800000	4.800000	
4.800000	4.800000	4.800000	4.800000	
4.800000	4.800000	4.800000	4.800000	
4.800000	4.800000	4.800000	4.800000	
4.800000	4.800000	4.800000	4.800000	
4.800000	4.800000	4.800000	4.800000	
4.800000	4.800000	4.800000	4.800000	
4.800000	4.800000	4.800000	4.800000	
4.800000	4.800000	4.800000	4.800000	
4.800000	4.800000	4.800000	4.800000	
4.800000	4.800000	4.800000	4.800000	
4.800000	4.800000	4.800000	4.800000	
4.800000	4.800000	4.800000	4.800000	
4.800000	4.800000	4.800000	4.800000	
4.800000	4.800000	4.800000	4.800000	
4.800000	4.800000	4.800000	4.800000	
4.800000	4.800000	4.800000	4.800000	
4.800000	4.800000	4.800000	4.800000	
4.800000	4.800000	4.800000	4.800000	
4.800000	4.800000	4.800000	4.800000	
4.800000	4.800000	4.800000	4.800000	
4.800000	4.800000	4.800000	4.800000	
4.800000	4.800000	4.800000	4.800000	
4.800000	4.800000	4.800000	4.800000	
4.800000	4.800000	4.800000	4.800000	
4.800000	4.800000	4.800000	4.800000	
4.800000	4.800000	4.800000	4.800000	
4.800000	4.800000	4.800000	4.800000	
4.800000	4.800000	4.800000	4.800000	
4.800000	4.800000	4.800000	4.800000	
4.800000	4.800000	4.800000	4.800000	
4.800000	4.800000	4.800000	4.800000	
4.853515	4.800000	4.800000	4.800000	
4.853515	4.800000	4.800000	4.800000	
4.853515	4.931532	4.800000	4.800000	
4.853515	5.034095	4.800000	4.800000	
4.853515	5.296672	4.800000	4.800000	
4.800000	5.296672	4.800000	4.800000	
4.800000	5.223025	4.800000	4.800000	
4.887740	5.223025	4.800000	4.800000	
4.927917	5.223025	4.800000	4.800000	
5.262738	5.223025	4.800000	4.800000	
5.262738	5.209872	4.800000	4.800000	
5.549020	5.209872	4.800000	4.800000	
5.925555	5.209872	4.800000	4.800000	
6.375555	5.209872	4.878972	4.800000	
6.746483	5.209872	4.878972	4.800000	
7.196483	5.209872	4.950792	4.800000	
7.621415	5.209872	4.950792	4.800000	
8.071415	5.209872	5.028839	4.800000	
8.331265	5.209872	5.028839	4.800000	
8.457677	5.209872	5.028839	4.800000	
8.457677	4.965222	5.028839	4.800000	
8.457677	4.800000	5.028839	4.800000	
8.007677	4.800000	4.800000	4.800000	
7.557677	4.800000	4.800000	4.800000	
7.107677	4.800000	4.800000	4.800000	
6.657677	4.800000	4.800000	4.800000	
6.207677	4.800000	4.800000	4.800000	
5.757677	4.800000	4.800000	4.800000	
5.307677	4.800000	4.800000	4.800000	
4.857677	4.800000	4.800000	4.800000	
4.800000	4.800000	4.800000	4.800000	
4.800000	4.800000	4.800000	4.800000	
4.800000	4.800000	4.800000	4.800000	
4.800000	4.800000	4.800000	4.800000	
4.800000	4.800000	4.800000	4.800000	
4.800000	4.800000	4.800000	4.800000	
4.800000	4.800000	4.800000	4.800000	
4.800000	4.800000	4.800000	4.800000	
4.800000	4.800000	4.800000	4.800000	
4.800000	4.800000	4.800000	4.800000	
4.800000	4.800000	4.800000	4.800000	
4.800000	4.800000	4.800000	4.800000	
4.800000	4.800000	4.800000	4.800000	
4.800000	4.800000	4.800000	4.800000	
4.800000	4.800000	4.800000	4.800000	
4.800000	4.800000	4.800000	4.800000	
4.800000	4.800000	4.800000	4.800000	
4.800000	4.800000	4.800000	4.800000	
4.800000	4.800000	4.800000	4.800000	
4.800000	4.800000	4.800000	4.800000	
4.800000	4.800000	4.800000	4.800000	
4.800000	4.800000	4.800000	4.800000	
4.800000	4.800000	4.800000	4.800000	
4.800000	4.800000	4.800000	4.800000	
4.800000	4.800000	4.800000	4.800000	
4.800000	4.800000	4.800000	4.800000	
4.800000	4.800000	4.800000	4.800000	
4.800000	4.800000	4.800000	4.800000	
4.800000	4.800000	4.800000	4.800000	
4.800000	4.800000	4.800000	4.800000	
4.800000	4.800000	4.800000	4.800000	
4.800000	4.800000	4.800000	4.800000	
4.800000	4.800000	4.800000	4.800000	
4.800000	4.800000	4.800000	4.800000	
4.800000	4.800000	4.800000	4.800000	
4.800000	4.800000	4.800000	4.800000	
4.800000	4.800000	4.800000	4.800000	
4.800000	4.800000	4.800000	4.800000	
4.800000	4.800000	4.800000	4.800000	
4.800000	4.800000	4.800000	4.800000	
4.800000	4.800000	4.800000	4.800000	
4.800000	4.800000	4.800000	4.800000	
4.800000	4.800000	4.800000	4.800000	
4.800000	4.800000	4.800000	4.800000	
4.800000	4.800000	4.800000	4.800000	
4.800000	4.800000	4.800000	4.800000	
4.800000	4.800000	4.800000	4.800000	
4.800000	4.800000	4.800000	4.800000	
4.800000	4.800000	4.800000	4.800000	
4.800000	4.800000	4.800000	4.800000	
4.800000	4.800000	4.800000	4.800000	
4.800000	4.800000	4.800000	4.800000	
4.800000	4.800000	4.800000	4.800000	
4.800000	4.800000	4.800000	4.800000	
4.800000	4.800000	4.800000	4.800000	
4.800000	4.800000	4.800000	4.800000	
4.800000	4.800000	4.800000	4.800000	
4.800000	4.800000	4.800000	4.800000	
4.800000	4.800000	4.800000	4.800000	
4.800000	4.800000	4.800000	4.800000	
4.800000	4.800000	4.800000	4.800000	
4.800000	4.800000	4.800000	4.800000	
4.800000	4.800000	4.800000	4.800000	
4.800000	4.800000	4.800000	4.800000	
4.800000	4.800000	4.800000	4.800000	
4.800000	4.800000	4.800000	4.800000	
4.800000	4.800000	4.800000	4.800000	
4.800000	4.800000	4.800000	4.800000	
4.800000	4.800000	4.800000	4.800000	
4.800000	4.800000	4.800000	4.800000	
4.800000	4.800000	4.800000	4.800000	
4.800000	4.800000	4.800000	4.800000	
4.800000	4.800000	4.800000	4.800000	
4.800000	4.800000	4.800000	4.800000	
4.800000	4.800000	4.800000	4.800000	
4.800000	4.800000	4.800000	4.800000	
4.800000	4.800000	4.800000	4.800000	
4.800000	4.800000	4.800000	4.800000	
4.800000	4.800000	4.800000	4.800000	
4.800000	4.800000	4.800000	4.800000	
4.800000	4.800000	4.800000	4.800000	
4.800000	4.800000	4.800000	4.800000	
4.800000	4.800000	4.800000	4.800000	
4.800000	4.800000	4.800000	4.800000	
4.800000	4.800000	4.800000	4.800000	
4.800000	4.800000	4.800000	4.800000	
4.800000	4.800000	4.800000	4.800000	
4.800000	4.800000	4.800000	4.800000	
4.800000	4.800000	4.800000	4.800000	
4.800000	4.800000	4.800000	4.800000	
4.800000	4.800000	4.800000	4.800000	
4.800000	4.800000	4.800000	4.800000	
4.800000	4.800000	4.800000	4.800000	
4.800000	4.800000	4.800000	4.800000	
4.800000	4.800000	4.800000	4.800000	
4.800000	4.800000	4.800000	4.800000	
4.800000	4.800000	4.800000	4.800000	
4.800000	4.800000	4.800000	4.800000	
4.800000	4.800000	4.800000	4.800000	
4.800000	4.800000	4.800000	4.800000	
4.800000	4.800000	4.800000	4.800000	
4.800000	4.800000	4.800000	4.800000	
4.800000	4.800000	4.800000	4.800000	
4.800000	4.800000	4.800000	4.800000	
4.800000	4.800000	4.800000	4.800000	
4.800000	4.800000	4.800000	4.800000	
4.800000	4.800000	4.800000	4.800000	
4.800000	4.800000	4.800000	4.800000	
4.800000	4.800000	4.800000	4.800000	
4.800000	4.800000	4.800000	4.800000	
4.800000	4.800000	4.800000	4.800000	
4.800000	4.800000	4.800000	4.800000	
4.800000	4.800000	4.800000	4.800000	
4.800000	4.800000	4.800000	4.800000	
4.800000	4.800000	4.800000	4.800000	
4.800000	4.800000	4.800000	4.800000	
4.800000	4.800000	4.800000	4.800000	
4.800000	4.800000	4.800000	4.800000	
4.800000	4.800000	4.800000	4.800000	
4.800000	4.800000	4.800000	4.800000	
4.800000	4.800000	4.800000	4.800000	
4.800000	4.800000	4.800000	4.800000	
4.800000	4.800000	4.800000	4.800000	
4.800000	4.800000	4.800000	4.800000	
4.800000	4.800000	4.800000	4.800000	
4.800000	4.800000	4.800000	4.800000	
4.800000	4.800000	4.800000	4.800000	
4.800000	4.800000	4.800000	4.800000	
4.800000	4.800000	4.800000	4.800000	
4.800000	4.800000	4.800000	4.800000	
4.800000	4.800000	4.800000	4.800000	
4.800000	4.800000	4.800000	4.800000	
4.800000	4.800000	4.800000	4.800000	
4.800000	4.800000	4.800000	4.800000	
4.800000	4.800000	4.800000	4.800000	
4.800000	4.800000	4.800000	4.800000	
4.800000	4.800000	4.800000	4.800000	
4.800000	4.800000	4.800000	4.800000	
4.800000	4.800000	4.800000	4.800000	
4.800000	4.800000	4.800000	4.800000	
4.800000	4.800000	4.800000	4.800000	
4.800000	4.800000	4.800000	4.800000	
4.800000	4.800000	4.800000	4.800000	
4.800000	4.800000	4.800000	4.800000	
4.800000	4.800000	4.800000	4.800000	
4.800000	4.800000	4.800000	4.800000	
4.800000	4.800000	4.800000	4.800000	
4.800000	4.800000	4.800000	4.800000	
4.800000	4.800000	4.800000	4.800000	
4.800000	4.800000	4.800000	4.800000	
4.800000	4.800000	4.800000	4.800000	
4.800000	4.800000	4.800000	4.800000	
4.800000	4.800000	4.800000	4.800000	
4.800000	4.800000	4.800000	4.800000	
4.800000	4.800000	4.800000	4.800000	
4.800000	4.800000	4.800000	4.800000	
4.800000	4.800000	4.800000	4.800000	
4.800000	4.800000	4.800000	4.800000	
4.800000	4.800000	4.800000	4.800000	
4.800000	4.800000	4.800000	4.800000	
4.800000	4.800000	4.800000	4.800000	
4.800000	4.800000	4.800000	4.800000	
4.800000	4.800000	4.800000	4.800000	
4.800000	4.800000	4.800000	4.800000	
4.800000	4.800000	4.800000	4.800000	
4.800000	4.800000	4.800000	4.800000	
4.800000	4.800000	4.800000	4.800000	
4.800000	4.800000	4.800000	4.800000	
4.800000	4.800000	4.800000	4.800000	
4.800000	4.800000	4.800000	4.800000	
4.800000	4.800000	4.800000	4.800000	
4.800000	4.800000	4.800000	4.800000	
4.800000	4.800000	4.800000	4.800000	
4.800000	4.800000	4.800000	4.800000	
4.800000	4.800000	4.800000	4.800000	
4.800000	4.800000	4.800000	4.800000	
4.800000	4.800000	4.800000	4.800000	
4.800000	4.800000	4.800000	4.800000	
4.800000	4.800000	4.800000	4.800000	
4.800000	4.800000	4.800000	4.800000	
4.800000	4.800000	4.800000	4.800000	
4.800000	4.800000	4.800000	4.800000	
4.800000	4.800000	4.800000	4.800000	
4.800000	4.800000	4.800000	4.800000	
4.800000	4.800000	4.800000	4.800000	
4.800000	4.800000	4.800000	4.800000	
4.800000	4.800000	4.800000	4.800000	
4.800000	4.800000	4.800000	4.800000	
4.800000	4.800000	4.800000	4.800000	
4.800000	4.800000	4.800000	4.800000	
4.800000	4.800000	4.800000	4.800000	
4.800000	4.800000	4.800000	4.800000	
4.800000	4.800000	4.800000	4.800000	
4.800000	4.800000	4.800000	4.800000	
4.800000	4.800000	4.800000	4.800000	
4.800000	4.800000	4.800000	4.800000	
4.800000	4.800000	4.800000	4.800000	
4.800000	4.800000	4.800000	4.800000	
4.800000	4.800000	4.800000	4.800000	
4.800000	4.800000	4.800000	4.800000	
4.800000	4.800000	4.800000	4.800000	
4.800000	4.800000	4.800000	4.800000	
4.800000	4.800000	4.800000	4.800000	
4.800000	4.800000	4.800000	4.800000	
4.800000	4.800000	4.800000	4.800000	
4.800000	4.800000	4.800000	4.800000	
4.800000	4.800000	4.800000	4.800000	
4.800000	4.800000	4.800000	4.800000	
4.800000	4.800000	4.800000	4.800000	
4.800000	4.800000	4.800000	4.800000	
4.800000	4.800000	4.800000	4.800000	
4.800000	4.800000	4.800000	4.800000	
4.800000	4.800000	4.800000	4.800000	
4.800000	4.800000	4.800000	4.800000	
4.800000	4.800000	4.800000	4.800000	
4.800000	4.800000	4.800000	4.800000	
4.800000	4.800000	4.800000	4.800000	
4.800000	4.800000	4.800000	4.800000	
4.800000	4.800000	4.800000	4.800000	
4.800000	4.800000	4.800000	4.800000	
4.800000	4.800000	4.800000	4.800000	
4.800000	4.800000	4.800000	4.800000	
4.800000	4.800000	4.800000	4.800000	
4.800000	4.800000	4.800000	4.800000	
4.800000	4.800000	4.800000	4.800000	
4.800000	4.800000	4.800000	4.800000	
4.800000	4.800000	4.800000	4.800000	
4.800000	4.800000	4.800000	4.800000	
4.800000	4.800000	4.800000	4.800000	
4.800000	4.800000	4.800000	4.800000	
4.800000	4.800000	4.800000	4.800000	
4.800000	4.800000	4.800000	4.800000	
4.800000	4.800000	4.800000	4.800000	
4.800000	4.800000	4.800000	4.800000	
4.800000	4.800000	4.800000	4.800000	
4.800000	4.800000	4.800000	4.800000	
4.800000	4.800000	4.800000	4.800000	
4.800000	4.800000	4.800000	4.800000	
4.800000	4.800000	4.800000	4.800000	
4.800000	4.800000	4.800000	4.800000	
4.800000	4.800000	4.800000	4.800000	
4.800000	4.800000	4.800000	4.800000	
4.800000	4.800000	4.800000	4.800000	
4.800000	4.800000	4.800000	4.800000	
4.800000	4.800000	4.800000	4.800000	
4.935331	4.800000	4.800000	4.800000	
5.385331	4.872301	4.800000	4.800000	
5.835331	5.029154	4.800000	4.800000	
6.285331	5.096364	4.800000	4.800000	
6.735331	5.511474	4.800000	4.800000	
7.185331	5.961474	5.011084	4.800000	
7.635331	6.411474	5.219195	4.800000	
8.085331	6.861474	5.594620	4.800000	
8.535331	7.311474	6.175031	4.800000	
8.985330	7.761474	7.000031	4.906348	
9.435330	8.211474	7.825031	4.909451	
9.885330	8.661474	8.569686	4.909451	
10.335330	9.111474	9.394686	5.465968	
10.785330	9.561474	10.219686	6.092650	
11.235330	10.011474	11.044686	6.917650	
11.685330	10.461474	11.869686	7.742650	
12.135330	10.911474	12.694686	8.567649	
12.585330	11.361474	13.519686	9.392649	
13.035330	11.811474	14.344686	10.217649	
13.485330	12.261474	15.169686	11.017207	
13.935330	12.711474	15.994686	11.842207	
14.385330	13.161474	16.819686	12.667207	
14.835330	13.611474	17.644686	13.492207	
15.285330	14.061474	18.469686	14.317207	
15.735330	14.511474	19.294686	15.142207	
16.185330	14.961474	20.119686	15.934373	
16.635330	15.411474	20.944686	16.721004	
17.085330	15.861474	21.769686	17.397378	
17.535330	16.311474	22.594686	17.802995	
17.985330	16.761474	23.419686	17.812298	
18.435330	17.211474	24.000000	18.637298	
18.885330	17.661474	24.000000	18.637298	
19.335330	18.111474	24.000000	18.637298	
19.785330	18.555730	24.000000	18.637298	
20.235330	19.005730	24.000000	18.637298	
20.526287	19.005730	24.000000	18.637298	
20.899447	19.005730	24.000000	18.637298	
20.899447	19.005730	24.000000	18.588696	
20.899447	19.005730	24.000000	18.099812	
20.899447	19.005730	24.000000	17.361315	
20.899447	19.005730	23.774087	16.536315	
20.899447	19.005730	23.305357	15.711315	
20.899447	19.005730	22.795317	14.886315	
20.899447	19.005730	22.362256	14.061315	
20.899447	19.005730	21.822998	13.236315	
20.899447	19.005730	21.382765	12.411315	
20.899447	19.005730	20.954392	11.586315	
20.899447	19.005730	20.551888	10.761315	
20.899447	19.005730	20.225951	9.936315	
20.899447	19.005730	19.946431	9.111315	
20.899447	19.005730	19.635621	8.286315	
20.899447	19.005730	19.360693	7.461315	
20.899447	19.005730	19.032950	6.636315	
20.899447	19.005730	18.645620	5.811315	
20.899447	19.005730	18.206302	4.986315	
20.899447	18.761554	17.381302	4.800000	
20.449447	18.311554	17.011707	4.800000	
19.999447	17.861554	16.668335	4.800000	
19.549447	17.411554	16.204586	4.800000	
19.099447	16.961554	15.769916	4.800000	
18.649447	16.511554	15.328451	4.800000	
18.199447	16.061554	14.817016	4.800000	
17.749447	15.611554	14.359580	4.800000	
17.299447	15.161554	13.913750	4.800000	
16.849447	14.711554	13.462169	4.800000	
16.399447	14.261554	13.008661	4.800000	
15.949447	13.811554	12.552443	4.800000	
15.499447	13.361554	12.062368	4.800000	
15.049447	12.911554	11.559130	4.800000	
14.599447	12.461554	11.057454	4.800000	
14.149447	12.011554	10.556297	4.800000	
13.699447	11.561554	10.024612	4.800000	
13.249447	11.111554	9.430614	4.800000	
12.799447	10.661554	8.861991	4.800000	
12.349447	10.211554	8.341715	4.800000	
11.899447	9.761554	7.721770	4.800000	
11.449447	9.311554	7.127706	4.800000	
10.999447	8.861554	6.495238	4.800000	
10.549447	8.411554	5.961114	4.800000	
10.099447	7.961554	5.329225	4.800000	
9.649447	7.511554	4.800000	4.800000	
9.199447	7.061554	4.800000	4.800000	
8.749447	6.611554	4.800000	4.800000	
8.299447	6.161554	4.800000	4.800000	
7.849447	5.711554	4.800000	4.800000	
7.399447	5.261554	4.800000	4.800000	
6.949447	4.811554	4.800000	4.800000	
6.499447	4.800000	4.800000	4.800000	
6.049447	4.800000	4.800000	4.800000	
5.599447	4.800000	4.800000	4.800000	
5.149447	4.800000	4.800000	4.800000	
4.800000	4.800000	4.800000	4.800000	
4.800000	4.800000	4.800000	4.800000	
4.800000	4.800000	4.800000	4.800000	
4.800000	4.800000	4.800000	4.800000	
4.800000	4.800000	4.800000	4.800000	
4.800000	4.800000	4.800000	4.800000	
5.226874	4.800000	4.800000	4.800000	
5.612359	4.800000	4.800000	4.800000	
6.014932	4.800000	4.800000	4.800000	
6.464932	5.243491	4.800000	4.800000	
6.914932	5.693491	5.177072	4.800000	
7.364932	6.143491	5.554284	4.800000	
7.814932	6.593491	5.998301	4.800000	
8.264932	7.043491	6.772483	4.800000	
8.714932	7.493491	7.597483	5.282770	
9.164931	7.943491	8.422483	5.663032	
9.614931	8.393491	9.247483	5.973752	
10.064931	8.843490	10.072483	6.730237	
10.514931	9.293490	10.897483	7.555237	
10.964931	9.743490	11.722483	8.306278	
11.414931	10.193490	12.547483	9.062724	
11.864931	10.643490	13.372483	9.887723	
12.314931	11.093490	14.197483	10.712723	
12.764931	11.543490	15.022483	11.537723	
13.214931	11.993490	15.847483	12.362723	
13.664931	12.443490	16.672483	13.187723	
14.114931	12.893490	17.497483	14.012723	
14.564931	13.343490	18.322483	14.837723	
15.014931	13.793490	19.147483	15.662723	
15.464931	14.243490	19.972483	16.487723	
15.914931	14.693490	20.797483	17.225856	
16.364931	15.143490	21.622483	17.985568	
16.814931	15.593490	22.447483	18.656331	
17.264931	16.043490	23.272483	19.077287	
17.714931	16.493490	24.000000	19.902287	
18.164931	16.943490	24.000000	19.902287	
18.614931	17.393490	24.000000	19.902287	
19.064931	17.843490	24.000000	19.902287	
19.514931	18.293490	24.000000	19.902287	
19.964931	18.501115	24.000000	19.902287	
20.088090	18.501115	24.000000	19.902287	
20.088090	18.501115	24.000000	19.726589	
20.088090	18.501115	24.000000	19.595577	
20.088090	18.501115	24.000000	18.953414	
20.088090	18.501115	23.847936	18.128414	
20.088090	18.501115	23.472998	17.303414	
20.088090	18.501115	22.851335	16.478414	
20.088090	18.501115	22.212913	15.653414	
20.088090	18.501115	21.639308	14.828414	
20.088090	18.501115	20.936723	14.003414	
20.088090	18.501115	20.385209	13.178414	
20.088090	18.501115	19.833387	12.353414	
20.088090	18.501115	19.191745	11.528414	
20.088090	18.501115	18.750715	10.703414	
20.088090	18.501115	18.325412	9.878414	
20.088090	18.501115	17.880340	9.053414	
20.088090	18.501115	17.413316	8.228414	
20.088090	18.501115	16.982342	7.403414	
20.088090	18.501115	16.516536	6.578414	
20.088090	18.501115	16.024194	5.753414	
20.088090	18.501115	15.517315	4.928414	
20.088090	18.067880	14.692315	4.800000	
19.638090	17.617880	14.107428	4.800000	
19.188090	17.167880	13.598863	4.800000	
18.738090	16.717880	13.036723	4.800000	
18.288090	16.267880	12.487221	4.800000	
17.838090	15.817880	11.895303	4.800000	
17.388090	15.367880	11.414527	4.800000	
16.938090	14.917880	10.862118	4.800000	
16.488090	14.467880	10.347880	4.800000	
16.038090	14.017880	9.889698	4.800000	
15.588090	13.567880	9.383701	4.800000	
15.138090	13.117880	8.899105	4.800000	
14.688090	12.667880	8.356615	4.800000	
14.238090	12.217880	7.881175	4.800000	
13.788090	11.767880	7.340635	4.800000	
13.338090	11.317880	6.816708	4.800000	
12.888090	10.867880	6.301862	4.800000	
12.438090	10.417880	5.730067	4.800000	
11.988090	9.967880	5.248455	4.800000	
11.538090	9.517880	4.809080	4.800000	
11.088090	9.067880	4.800000	4.800000	
10.638090	8.617880	4.800000	4.800000	
10.188090	8.167880	4.800000	4.800000	
9.738090	7.717880	4.800000	4.800000	
9.288090	7.267880	4.800000	4.800000	
8.838090	6.817880	4.800000	4.800000	
8.388090	6.367880	4.800000	4.800000	
7.938090	5.917880	4.800000	4.800000	
7.488090	5.467880	4.800000	4.800000	
7.038090	5.017880	4.800000	4.800000	
6.588090	4.800000	4.800000	4.800000	
6.138090	4.800000	4.800000	4.800000	
5.688090	4.800000	4.800000	4.800000	
5.238090	4.800000	4.800000	4.800000	
4.800000	4.800000	4.800000	4.800000	
4.800000	4.800000	4.800000	4.800000	
4.800000	4.800000	4.800000	4.800000	
4.800000	4.800000	4.800000	4.800000	
4.800000	4.800000	4.800000	4.800000	
4.800000	4.800000	4.800000	4.800000	
4.800000	4.800000	4.800000	4.800000	
4.800000	4.800000	4.800000	4.800000	
4.800000	4.800000	4.800000	4.800000	
4.800000	4.800000	4.800000	4.800000	
4.800000	4.800000	4.800000	4.800000	
4.800000	4.800000	4.800000	4.800000	
4.800000	4.800000	4.800000	4.800000	
4.800000	4.800000	4.800000	4.800000	
4.800000	4.800000	4.800000	4.800000	
4.800000	4.800000	4.800000	4.800000	
4.800000	4.800000	4.800000	4.800000	
4.852657	4.800000	4.800000	4.800000	
4.977415	4.800000	4.800000	4.800000	
5.128220	4.800000	4.800000	4.800000	
5.294513	4.800000	4.800000	4.800000	
5.342988	4.800000	4.800000	4.800000	
5.420226	4.800000	4.800000	4.800000	
5.578694	4.800000	4.800000	4.800000	
5.818383	4.800000	4.800000	4.800000	
6.006509	4.800000	4.800000	4.800000	
6.386965	4.800000	4.800000	4.800000	
6.802906	4.800000	4.800000	4.800000	
7.252166	4.800000	4.800000	4.800000	
7.550312	4.800000	4.800000	4.800000	
7.928666	4.800000	4.800000	4.800000	
8.045664	4.800000	4.800000	4.800000	
8.233552	4.800000	4.800000	4.800000	
8.407812	4.800000	4.800000	4.800000	
8.407812	4.800000	4.800000	4.800000	
8.321052	4.800000	4.800000	4.800000	
8.204163	4.800000	4.800000	4.800000	
8.175957	4.800000	4.800000	4.800000	
8.065352	4.800000	4.800000	4.800000	
7.733904	4.800000	4.800000	4.800000	
7.292547	4.800000	4.800000	4.800000	
6.897047	4.800000	4.800000	4.800000	
6.447047	4.800000	4.800000	4.800000	
5.997047	4.800000	4.800000	4.800000	
5.547047	4.800000	4.800000	4.800000	
5.097047	4.800000	4.800000	4.800000	
4.800000	4.800000	4.800000	4.800000	
4.800000	4.800000	4.800000	4.800000	
4.800000	4.800000	4.800000	4.800000	
4.800000	4.800000	4.800000	4.800000	
4.800000	4.800000	4.800000	4.800000	
4.800000	4.800000	4.800000	4.800000	
4.800000	4.800000	4.800000	4.800000	
4.800000	4.800000	4.800000	4.800000	
4.800000	4.800000	4.800000	4.800000	
4.800000	4.800000	4.800000	4.800000	
4.800000	4.800000	4.800000	4.800000	
4.800000	4.800000	4.800000	4.800000	
4.800000	4.800000	4.800000	4.800000	
4.800000	4.800000	4.800000	4.800000	
4.800000	4.800000	4.800000	4.800000	
4.800000	4.800000	4.800000	4.800000	
4.800000	4.800000	4.800000	4.800000	
4.800000	4.800000	4.800000	4.800000	
4.800000	4.800000	4.800000	4.800000	
4.800000	4.800000	4.800000	4.800000	
4.800000	4.800000	4.800000	4.800000	
4.800000	4.800000	4.800000	4.800000	
4.800000	4.800000	4.800000	4.800000	
4.800000	4.800000	4.800000	4.800000	
4.800000	4.800000	4.800000	4.800000	
4.800000	4.800000	4.800000	4.800000	
4.800000	4.800000	4.800000	4.800000	
4.800000	4.800000	4.800000	4.800000	
4.800000	4.800000	4.800000	4.800000	
4.800000	4.800000	4.800000	4.800000	
4.800000	4.800000	4.800000	4.800000	
4.800000	4.800000	4.800000	4.800000	
4.800000	4.800000	4.800000	4.800000	
4.800000	4.800000	4.800000	4.800000	
4.800000	4.800000	4.800000	4.800000	
4.800000	4.800000	4.800000	4.800000	
4.800000	4.800000	4.800000	4.800000	
4.800000	4.800000	4.800000	4.800000	
4.800000	4.800000	4.800000	4.800000	
4.800000	4.800000	4.800000	4.800000	