0.000000
0.292483
2.587692
3.642802
5.254622
5.711384
5.712141
5.201356
4.343542
3.954157
3.932976
4.160743
3.895377
4.231816
3.799806
4.353047
6.026005
5.804787
5.767361
5.748207
5.978643
5.708926
5.764429
6.076860
5.757000
5.901941
6.072379
5.931763
6.002185
6.045055
6.322240
6.116995
6.184538
6.219541
6.358162
6.238132
6.103252
6.154083
6.141444
6.168221
6.165244
6.470529
6.427177
6.492422
6.890761
6.587917
6.480547
6.678265
6.437542
5.829079
6.165609
6.373482
7.347410
1.040745
1.112712
1.133388
1.439248
0.000000
0.000000
0.000000
0.000000
0.000000
0.000000
0.000000
0.000000
0.000000
0.000000
0.000000
0.000000
0.000000
0.000000
0.000000
0.000000
0.000000
0.000000
0.000000
0.000000
0.000000
0.000000
0.000000
0.000000
0.000000
0.000000
0.000000
0.000000
0.000000
0.000000
0.000000
0.000000
0.000000
0.000000
0.000000
0.000000
0.000000
0.000000
0.000000
0.000000
0.000000
0.000000
0.000000
0.000000
0.000000
0.000000
0.000000
0.000000
0.000000
0.000000
0.000000
0.000000
0.000000
0.000000
0.000000
0.000000
0.000000
0.000000
0.000000
0.250007
2.127170
2.109638
1.979229
1.608714
2.194597
1.960660
2.364126
2.562472
3.512299
4.474842
4.201453
5.903178
6.733078
6.760300
6.632806
6.605335
6.525125
6.203275
6.071610
5.868838
5.847696
5.597611
5.815151
5.513500
5.643511
5.193786
5.223486
5.419671
3.470642
3.477309
3.770335
3.271675
0.000000
0.000000
0.000000
0.000000
0.000000
0.000000
0.000000
0.000000
0.000000
0.000000
0.000000
0.000000
0.000000
0.000000
0.000000
0.000000
0.000000
0.000000
0.000000
0.000000
0.000000
0.000000
0.000000
0.000000
0.000000
0.000000
0.000000
0.000000
0.000000
0.000000
0.000000
0.000000
0.000000
0.000000
0.000000
0.000000
0.000000
0.000000
0.000000
0.000000
0.000000
0.000000
0.000000
0.000000
0.000000
0.000000
0.000000
0.000000
0.000000
0.000000
0.000000
0.000000
0.000000
0.000000
0.000000
0.000000
0.000000
0.000000
0.000000
0.000000
0.000000
0.000000
0.000000
0.000000
0.000000
0.000000
0.000000
0.000000
0.000000
0.000000
0.000000
0.000000
0.000000
3.510743
3.160470
4.916175
1.786083
2.139576
2.353256
5.386494
5.513895
5.467539
5.460007
5.352085
5.496157
5.182738
5.435030
5.368408
4.968889
5.246292
5.238736
4.930153
2.613329
2.811348
3.051778
2.651742
0.000000
0.000000
0.000000
0.000000
0.000000
0.000000
0.000000
0.000000
0.000000
0.000000
0.000000
0.000000
0.000000
0.000000
0.000000
0.000000
0.000000
0.000000
0.000000
0.000000
0.000000
0.000000
0.000000
0.000000
0.000000
0.000000
0.000000
0.000000
0.000000
0.000000
0.000000
0.000000
0.000000
0.000000
0.000000
0.000000
0.000000
0.000000
0.000000
0.000000
0.000000
0.000000
0.000000
0.000000
0.000000
0.000000
0.000000
0.000000
0.000000
0.000000
0.000000
0.000000
0.000000
0.000000
0.000000
0.000000
0.000000
0.000000
0.000000
0.000000
0.000000
0.000000
0.000000
0.000000
0.000000
0.000000
0.000000
0.000000
0.347613
2.285408
2.138474
2.149081
2.170756
2.276270
2.434129
2.477291
2.383703
4.672111
6.168799
6.211594
5.981960
6.235570
6.106522
6.312915
6.377868
6.896820
6.606220
7.093430
6.676605
6.481741
6.812797
6.360446
6.583378
6.644823
6.354677
7.426025
7.046919
6.755144
6.295102
7.163019
8.575211
8.263144
8.793629
8.867439
9.874663
10.896023
10.538613
11.224363
7.543190
7.887350
8.058720
8.022950
13.070421
12.026381
12.117431
12.982061
13.637363
13.435443
13.257923
13.396393
8.251331
8.379761
7.579131
7.621681
0.000000
0.000000
0.000000
0.000000
3.972364
1.120565
1.241924
1.204804
9.385602
10.438223
10.877093
9.992143
8.875871
9.677081
9.178791
8.818231
7.326729
8.083009
7.792790
5.978195
6.210909
6.271938
6.279785
5.083050
5.076625
4.974826
5.103739
5.047400
5.353780
5.045993
5.029652
5.180250
5.102505
5.390170
5.543732
5.398895
5.362384
5.083045
5.248553
5.208714
5.333248
5.327112
5.464139
5.712923
5.714125
5.902549
5.787890
5.576808
5.664567
5.667546
5.528080
5.561544
5.467284
5.372353
5.704699
5.537645
5.655872
5.863656
5.660725
5.917947
5.640371
6.127587
6.127636
5.936416
4.595531
4.814837
4.872772
5.509583
0.625611
0.845451
0.551275
1.337059
0.000000
0.000000
0.000000
0.304125
0.000000
0.655425
0.096070
1.073360
0.000000
0.000000
0.000000
0.150850
0.000000
0.000000
0.000000
0.000000
0.000000
0.000000
0.000000
0.000000
0.000000
0.000000
0.000000
0.000000
0.000000
0.000000
0.000000
0.000000
0.000000
0.000000
0.000000
0.000000
0.000000
0.000000
0.000000
0.000000
0.000000
0.000000
0.000000
0.000000
0.000000
0.000000
0.000000
0.000000
0.000000
0.000000
0.000000
2.478538
3.403424
0.000000
0.000000
0.000000
0.000000
0.000000
0.000000
0.000000
0.000000
2.495195
2.478747
2.620572
2.341505
2.538591
2.242195
2.277875
2.757040
2.386974
2.845347
4.628191
4.843108
4.703188
4.561253
4.933331
5.074895
5.034351
5.035910
4.983721
4.896351
5.093678
5.023468
5.094633
5.605674
5.285599
5.078135
5.593676
5.021758
5.418036
5.046917
4.934164
3.127779
3.442061
3.167287
4.232858
0.000000
0.000000
0.000000
0.000000
1.231189
0.000000
0.000000
0.000000
0.000000
2.244357
3.438227
4.422738
0.000000
0.000000
0.000000
0.000000
0.000000
0.000000
0.000000
0.000000
0.000000
0.000000
0.000000
0.000000
0.000000
0.000000
0.000000
0.000000
0.000000
0.000000
0.000000
0.000000
0.000000
0.000000
0.000000
0.000000
0.000000
0.000000
0.000000
0.000000
0.000000
0.000000
0.000000
0.000000
0.000000
0.000000
0.000000
0.000000
0.000000
1.960271
4.123901
0.759126
0.830553
1.108916
3.979292
3.956070
3.858903
4.021632
3.930165
4.017337
4.219891
4.209532
4.279399
4.166933
4.216275
4.267530
4.054280
4.009339
4.046660
4.207761
4.118017
4.266614
4.134560
4.197394
4.211200
4.182606
4.177097
4.079580
4.095464
4.369784
4.672845
4.612316
4.735519
4.799292
5.122516
5.188444
5.140526
5.634210
5.012599
4.954014
5.112378
4.779972
3.257780
3.286787
3.335181
4.205547
0.000000
0.000000
0.000000
0.000000
0.000000
0.000000
0.000000
0.000000
0.000000
0.000000
0.000000
0.000000
0.000000
0.000000
0.000000
0.000000
0.000000
0.000000
0.000000
0.000000
0.000000
0.000000
0.000000
0.000000
0.000000
0.000000
0.000000
0.000000
0.000000
0.000000
0.000000
0.000000
0.000000
0.000000
0.000000
0.000000
0.000000
0.000000
0.000000
0.000000
0.000000
0.000000
0.000000
0.000000
0.000000
0.000000
0.000000
0.000000
0.000000
0.000000
0.000000
0.000000
0.000000
0.000000
0.000000
0.000000
0.000000
0.000000
0.000000
0.000000
0.000000
0.000000
0.000000
0.000000
0.000000
0.000000
0.000000
0.000000
0.000000
0.000000
0.000000
0.000000
0.000000
0.000000
0.000000
0.000000
0.000000
0.000000
0.000000
0.000000
0.000000
0.000000
0.000000
1.572243
1.596928
1.486814
3.319079
4.860585
4.728789
4.537176
4.571285
4.615462
2.006464
2.019323
2.094768
1.636754
0.000000
0.000000
0.000000
0.000000
0.000000
0.000000
0.000000
0.000000
0.000000
0.000000
0.000000
0.000000
0.000000
0.000000
0.000000
0.000000
0.000000
0.000000
0.000000
0.000000
0.000000
0.000000
0.000000
0.000000
0.000000
0.000000
0.000000
0.000000
0.000000
0.000000
0.000000
0.000000
0.000000
0.000000
0.000000
0.000000
0.000000
0.000000
0.000000
0.000000
0.000000
0.000000
0.000000
0.000000
0.000000
0.000000
0.000000
0.000000
0.000000
0.000000
0.000000
0.000000
0.000000
0.000000
0.000000
0.000000
0.000000
0.000000
0.000000
0.000000
0.000000
0.000000
0.000000
0.000000
0.000000
0.000000
0.000000
0.000000
0.000000
0.000000
0.000000
0.000000
0.000000
0.000000
0.000000
0.000000
0.000000
0.000000
0.000000
1.620673
2.529872
2.136498
2.665798
5.868838
6.186828
5.862678
6.136854
5.948776
5.962629
5.659209
5.977106
5.769328
3.009637
3.424978
3.198523
2.949712
0.000000
0.000000
0.000000
0.000000
0.000000
0.000000
0.000000
0.000000
0.000000
0.000000
0.000000
0.000000
0.000000
0.000000
0.000000
0.000000
0.000000
0.000000
0.000000
0.000000
0.000000
0.000000
0.000000
0.000000
0.000000
0.000000
0.000000
0.000000
0.000000
0.000000
0.000000
0.000000
0.000000
0.000000
0.000000
0.000000
0.000000
0.000000
0.000000
0.000000
0.000000
0.000000
0.000000
0.000000
0.000000
0.000000
0.000000
0.000000
0.000000
0.000000
0.000000
0.000000
0.000000
0.000000
0.000000
0.000000
0.000000
0.000000
0.000000
0.000000
0.000000
0.000000
0.000000
0.000000
0.000000
0.000000
0.000000
0.000000
0.000000
0.000000
0.000000
0.000000
0.000000
1.260454
2.095708
2.059382
2.287182
1.926446
1.757503
1.983081
1.857199
1.749073
2.023043
5.241353
5.328478
5.130389
5.441311
5.223316
4.982227
5.212507
5.390852
5.070015
2.183501
1.888266
2.086355
1.929656
0.000000
0.000000
0.000000
0.000000
0.000000
0.000000
0.000000
0.000000
0.000000
0.000000
0.000000
0.000000
0.000000
0.000000
0.000000
0.000000
0.000000
0.000000
0.000000
0.000000
0.000000
0.000000
0.000000
0.000000
0.000000
0.000000
0.000000
0.000000
0.000000
0.000000
0.000000
0.000000
0.000000
0.000000
0.000000
0.000000
0.000000
0.000000
0.000000
0.000000
0.000000
0.000000
0.000000
0.000000
0.000000
0.000000
0.000000
0.000000
0.000000
0.000000
0.000000
0.000000
0.000000
0.000000
0.000000
0.000000
0.000000
0.000000
0.000000
0.000000
0.000000
0.000000
0.000000
0.000000
0.000000
0.000000
0.000000
0.000000
0.000000
0.000000
0.000000
0.000000
0.000000
0.000000
0.000000
0.000000
0.000000
0.000000
0.000000
0.000000
0.000000
0.000000
0.000000
1.610045
